# unix_time, cycles_done, cur_path, paths_total, pending_total, pending_favs, map_size, unique_crashes, unique_hangs, max_depth, execs_per_sec
1559504827, 0, 0, 216, 216, 214, 6.78%, 0, 0, 1, 51.07
1559504832, 0, 0, 217, 217, 214, 6.78%, 0, 0, 2, 1077.05
1559504837, 0, 1, 221, 220, 214, 6.78%, 0, 0, 2, 1089.28
1559504842, 0, 1, 229, 228, 214, 6.78%, 0, 0, 2, 1112.49
1559504847, 0, 1, 232, 231, 214, 6.78%, 0, 0, 2, 1126.94
1559504852, 0, 1, 236, 235, 214, 6.78%, 0, 0, 2, 1071.11
1559504857, 0, 1, 239, 238, 214, 6.78%, 0, 0, 2, 1093.71
1559504862, 0, 1, 239, 238, 214, 6.78%, 1, 0, 2, 1116.45
1559504868, 0, 1, 240, 239, 214, 6.78%, 2, 0, 2, 1135.53
1559504893, 0, 1, 245, 244, 214, 6.78%, 2, 0, 2, 1003.65
1559505085, 0, 1, 247, 246, 214, 6.78%, 2, 0, 2, 1093.30
1559505095, 0, 1, 250, 249, 214, 6.78%, 2, 0, 2, 1096.28
1559505100, 0, 1, 255, 254, 214, 6.78%, 2, 0, 2, 1076.52
1559505105, 0, 2, 261, 259, 222, 6.79%, 2, 0, 2, 1094.97
1559505111, 0, 2, 273, 271, 222, 6.79%, 2, 0, 2, 1075.98
1559505116, 0, 2, 275, 273, 222, 6.79%, 2, 0, 2, 1057.02
1559505121, 0, 2, 277, 275, 222, 6.79%, 2, 0, 2, 1044.32
1559505141, 0, 2, 278, 276, 222, 6.79%, 2, 0, 2, 1066.88
1559505146, 0, 2, 279, 277, 222, 6.79%, 2, 0, 2, 1072.38
1559505161, 0, 2, 279, 277, 222, 6.79%, 3, 0, 2, 1069.61
1559505217, 0, 2, 279, 277, 222, 6.79%, 4, 0, 2, 959.55
1559505227, 0, 2, 281, 279, 222, 6.79%, 4, 0, 2, 1018.54
1559505324, 0, 2, 282, 280, 222, 6.79%, 4, 0, 2, 1058.44
1559505425, 0, 2, 283, 281, 222, 6.79%, 4, 0, 2, 1111.49
1559505618, 0, 3, 283, 280, 225, 6.79%, 4, 0, 2, 1282.88
1559505832, 0, 4, 284, 280, 224, 6.79%, 4, 0, 2, 1318.87
1559505939, 0, 4, 286, 282, 224, 6.79%, 4, 0, 2, 1298.50
1559505944, 0, 4, 288, 284, 224, 6.79%, 4, 0, 2, 1304.79
1559505949, 0, 5, 290, 285, 224, 6.79%, 4, 0, 2, 1307.95
1559506046, 0, 5, 291, 286, 224, 6.79%, 4, 0, 2, 1296.50
1559506051, 0, 5, 295, 290, 224, 6.79%, 4, 0, 2, 1326.34
1559506056, 0, 5, 298, 293, 224, 6.79%, 4, 0, 2, 1319.37
1559506061, 0, 6, 299, 293, 225, 6.79%, 4, 0, 2, 1205.68
1559506066, 0, 6, 300, 294, 225, 6.79%, 4, 0, 2, 1184.58
1559506132, 0, 6, 300, 294, 225, 6.79%, 5, 0, 2, 1137.07
1559506479, 0, 6, 300, 294, 225, 6.79%, 7, 0, 2, 1156.23
1559506499, 0, 6, 301, 295, 225, 6.80%, 8, 0, 2, 1199.01
1559506511, 0, 7, 303, 296, 226, 6.80%, 8, 0, 2, 3.73
1559506516, 0, 7, 352, 345, 226, 6.80%, 8, 0, 2, 826.16
1559506521, 0, 7, 367, 360, 226, 6.80%, 8, 0, 2, 644.35
1559506526, 0, 7, 371, 364, 226, 6.80%, 8, 0, 2, 106.65
1559506531, 0, 7, 378, 371, 226, 6.80%, 8, 0, 2, 107.78
1559506537, 0, 7, 381, 374, 226, 6.80%, 8, 1, 2, 891.54
1559506542, 0, 7, 382, 375, 226, 6.80%, 8, 1, 2, 9.82
1559506553, 0, 7, 387, 380, 226, 6.80%, 8, 1, 2, 190.85
1559506569, 0, 7, 392, 385, 226, 6.80%, 8, 1, 2, 1088.60
1559506574, 0, 7, 412, 405, 226, 6.80%, 8, 1, 2, 1049.14
1559506579, 0, 7, 413, 406, 226, 6.80%, 8, 1, 2, 785.65
1559506635, 0, 7, 421, 414, 226, 6.80%, 8, 1, 2, 1179.75
1559506641, 0, 7, 422, 415, 226, 6.80%, 8, 1, 2, 118.32
1559506646, 0, 7, 427, 420, 226, 6.80%, 8, 1, 2, 1018.90
1559506656, 0, 7, 429, 422, 226, 6.80%, 8, 1, 2, 8.39
1559506661, 0, 7, 434, 427, 226, 6.80%, 8, 1, 2, 951.11
1559506666, 0, 7, 436, 429, 226, 6.80%, 8, 1, 2, 746.42
1559506671, 0, 7, 437, 430, 226, 6.80%, 8, 1, 2, 879.78
1559506676, 0, 7, 443, 436, 226, 6.80%, 8, 1, 2, 879.60
1559506703, 0, 7, 443, 436, 226, 6.80%, 8, 2, 2, 35.11
1559506719, 0, 7, 443, 436, 226, 6.80%, 8, 3, 2, 6.42
1559506729, 0, 7, 445, 438, 226, 6.80%, 8, 3, 2, 1226.30
1559506734, 0, 7, 450, 443, 226, 6.80%, 8, 3, 2, 995.85
1559506739, 0, 7, 451, 444, 226, 6.80%, 8, 3, 2, 1106.74
1559506744, 0, 7, 451, 444, 226, 6.80%, 9, 3, 2, 1120.59
1559506749, 0, 7, 453, 446, 226, 6.80%, 9, 3, 2, 904.75
1559506754, 0, 7, 454, 447, 226, 6.80%, 9, 3, 2, 732.90
1559506774, 0, 7, 455, 448, 226, 6.80%, 9, 3, 2, 702.37
1559506836, 0, 7, 456, 449, 226, 6.80%, 9, 3, 2, 1103.76
1559506918, 0, 7, 457, 450, 226, 6.80%, 9, 3, 2, 1149.40
1559507076, 0, 7, 458, 451, 226, 6.80%, 9, 3, 2, 1225.34
1559507087, 0, 7, 459, 452, 226, 6.80%, 9, 3, 2, 1253.59
1559507117, 0, 7, 460, 453, 226, 6.80%, 9, 3, 2, 1202.28
1559507122, 0, 7, 462, 455, 226, 6.80%, 9, 3, 2, 1266.27
1559507138, 0, 7, 463, 456, 226, 6.80%, 9, 3, 2, 1005.44
1559507143, 0, 7, 465, 458, 226, 6.80%, 9, 3, 2, 759.53
1559507148, 0, 7, 467, 460, 226, 6.80%, 9, 3, 2, 699.51
1559507234, 0, 7, 467, 460, 226, 6.80%, 10, 3, 2, 832.67
1559507424, 0, 7, 467, 460, 226, 6.80%, 11, 3, 2, 702.89
1559507614, 0, 7, 467, 460, 226, 6.80%, 12, 3, 2, 696.32
1559507644, 0, 7, 470, 463, 226, 6.80%, 12, 3, 2, 1134.58
1559507650, 0, 9, 472, 464, 228, 6.80%, 12, 3, 2, 3.71
1559507661, 0, 9, 473, 465, 228, 6.80%, 12, 3, 2, 693.28
1559507666, 0, 9, 474, 466, 228, 6.80%, 12, 3, 2, 2.87
1559507679, 0, 9, 475, 467, 228, 6.80%, 12, 3, 2, 72.33
1559507771, 0, 9, 476, 468, 228, 6.80%, 12, 3, 2, 1172.56
1559507782, 0, 9, 477, 469, 228, 6.80%, 12, 3, 2, 1022.92
1559507787, 0, 9, 478, 470, 228, 6.80%, 12, 3, 2, 5.30
1559507838, 0, 9, 478, 470, 228, 6.80%, 12, 4, 2, 8.19
1559507859, 0, 9, 478, 470, 228, 6.80%, 12, 5, 2, 3.85
1559508215, 0, 9, 479, 471, 228, 6.80%, 12, 5, 2, 1118.22
1559508277, 0, 9, 480, 472, 228, 6.80%, 13, 5, 2, 888.18
1559508368, 0, 9, 480, 472, 228, 6.80%, 14, 5, 2, 954.53
1559508434, 0, 9, 481, 473, 228, 6.80%, 14, 5, 2, 723.11
1559508805, 0, 9, 482, 474, 228, 6.80%, 14, 5, 2, 711.52
1559508810, 0, 9, 483, 475, 228, 6.80%, 14, 5, 2, 733.62
1559508815, 0, 10, 483, 474, 226, 6.80%, 14, 5, 2, 31.75
1559509031, 0, 10, 484, 475, 226, 6.80%, 14, 5, 2, 1015.05
1559509973, 0, 11, 484, 474, 226, 6.80%, 14, 5, 2, 1061.98
1559509978, 0, 11, 485, 475, 226, 6.80%, 14, 5, 2, 1330.09
1559510023, 0, 13, 486, 474, 224, 6.80%, 14, 5, 2, 1345.50
1559510059, 0, 14, 486, 473, 224, 6.80%, 14, 5, 2, 1303.77
1559510212, 0, 15, 486, 472, 223, 6.80%, 14, 5, 2, 1327.31
1559510222, 0, 16, 486, 471, 222, 6.80%, 14, 5, 2, 1367.07
1559510232, 0, 17, 486, 470, 221, 6.80%, 14, 5, 2, 1408.66
1559510339, 0, 18, 486, 469, 220, 6.80%, 14, 5, 2, 1043.38
1559510344, 0, 18, 487, 470, 220, 6.80%, 14, 5, 2, 52.38
1559510349, 0, 18, 488, 471, 220, 6.80%, 14, 5, 2, 714.60
1559510535, 0, 18, 488, 471, 220, 6.80%, 15, 5, 2, 924.43
1559510703, 0, 18, 489, 472, 220, 6.80%, 15, 5, 2, 1153.86
1559510862, 0, 18, 490, 473, 220, 6.80%, 15, 5, 2, 966.85
1559510923, 0, 18, 490, 473, 220, 6.80%, 16, 5, 2, 814.50
1559511516, 0, 19, 490, 472, 220, 6.80%, 16, 5, 2, 1056.51
1559511522, 0, 19, 491, 473, 220, 6.80%, 16, 5, 2, 1197.43
1559511527, 0, 19, 492, 474, 220, 6.80%, 16, 5, 2, 1234.53
1559511562, 0, 19, 492, 474, 220, 6.80%, 17, 5, 2, 1251.74
1559511914, 0, 20, 494, 475, 220, 6.80%, 17, 5, 2, 1167.12
1559511919, 0, 20, 495, 476, 220, 6.80%, 17, 5, 2, 1155.58
1559511924, 0, 20, 496, 477, 220, 6.80%, 17, 5, 2, 1210.52
1559511985, 0, 20, 496, 477, 220, 6.80%, 18, 5, 2, 1148.55
1559512358, 0, 20, 498, 479, 220, 6.80%, 18, 5, 2, 1184.51
1559512364, 0, 20, 521, 502, 220, 6.80%, 18, 5, 2, 1104.34
1559512369, 0, 21, 521, 501, 222, 6.80%, 18, 5, 2, 1213.94
1559512374, 0, 21, 522, 502, 222, 6.80%, 18, 5, 2, 1248.21
1559512394, 0, 21, 523, 503, 222, 6.80%, 18, 5, 2, 1253.15
1559512404, 0, 21, 524, 504, 222, 6.80%, 18, 5, 2, 1256.56
1559512791, 0, 21, 526, 506, 222, 6.80%, 18, 5, 2, 1221.90
1559512797, 0, 21, 546, 526, 222, 6.80%, 18, 5, 2, 1205.37
1559512802, 0, 22, 547, 526, 224, 6.80%, 18, 5, 2, 1236.90
1559513226, 0, 22, 548, 527, 224, 6.80%, 18, 5, 2, 1204.88
1559513236, 0, 23, 549, 527, 223, 6.80%, 18, 5, 2, 1244.81
1559513761, 0, 24, 549, 526, 222, 6.80%, 18, 5, 2, 1247.90
1559513904, 0, 25, 549, 525, 221, 6.80%, 18, 5, 2, 1284.07
1559514152, 0, 26, 549, 524, 220, 6.80%, 18, 5, 2, 1240.07
1559514467, 0, 27, 549, 523, 219, 6.80%, 18, 5, 2, 1306.96
1559514697, 0, 27, 550, 524, 219, 6.80%, 18, 5, 2, 1271.09
1559514702, 0, 28, 550, 523, 218, 6.80%, 18, 5, 2, 1124.81
1559514708, 0, 28, 552, 525, 218, 6.80%, 18, 5, 2, 42.62
1559514715, 0, 28, 553, 526, 218, 6.80%, 18, 5, 2, 7.02
1559514725, 0, 28, 554, 527, 218, 6.80%, 18, 5, 2, 5.21
1559515335, 0, 28, 554, 527, 218, 6.80%, 20, 5, 2, 844.87
1559515386, 0, 29, 555, 527, 218, 6.80%, 20, 5, 2, 1294.26
1559515406, 0, 30, 556, 527, 218, 6.80%, 20, 5, 2, 1313.21
1559515436, 0, 30, 557, 528, 218, 6.80%, 21, 5, 2, 1265.31
1559515579, 0, 30, 558, 529, 218, 6.80%, 21, 5, 2, 1278.69
1559516096, 0, 31, 561, 531, 218, 6.80%, 21, 5, 2, 1208.77
1559516101, 0, 31, 562, 532, 218, 6.80%, 21, 5, 2, 1227.90
1559516137, 0, 31, 563, 533, 218, 6.80%, 21, 5, 2, 1199.57
1559516142, 0, 32, 563, 532, 217, 6.80%, 21, 5, 2, 1278.45
1559516177, 0, 33, 563, 531, 216, 6.80%, 21, 5, 2, 1287.60
1559516421, 0, 34, 565, 532, 215, 6.80%, 21, 5, 2, 1196.55
1559516517, 0, 35, 567, 533, 215, 6.80%, 21, 5, 2, 619.79
1559516522, 0, 35, 570, 536, 215, 6.80%, 21, 5, 2, 3.20
1559516527, 0, 35, 579, 545, 215, 6.80%, 21, 6, 2, 3.15
1559516533, 0, 35, 602, 568, 215, 6.80%, 21, 6, 2, 403.43
1559516538, 0, 35, 617, 583, 215, 6.81%, 21, 6, 2, 447.21
1559516543, 0, 35, 621, 587, 215, 6.81%, 21, 6, 2, 420.98
1559516548, 0, 35, 624, 590, 215, 6.81%, 21, 6, 2, 413.68
1559516553, 0, 35, 627, 593, 215, 6.81%, 21, 6, 2, 407.71
1559516558, 0, 35, 631, 597, 215, 6.81%, 21, 6, 2, 387.62
1559516563, 0, 35, 632, 598, 215, 6.81%, 21, 6, 2, 395.31
1559516568, 0, 35, 635, 601, 215, 6.81%, 21, 6, 2, 377.37
1559516593, 0, 35, 636, 602, 215, 6.81%, 21, 6, 2, 352.25
1559516598, 0, 35, 638, 604, 215, 6.81%, 21, 6, 2, 344.29
1559516608, 0, 35, 639, 605, 215, 6.81%, 21, 6, 2, 340.93
1559516613, 0, 35, 643, 609, 215, 6.82%, 21, 6, 2, 337.88
1559516619, 0, 35, 644, 610, 215, 6.82%, 21, 6, 2, 325.66
1559516624, 0, 35, 648, 614, 215, 6.82%, 21, 7, 2, 475.08
1559516629, 0, 35, 650, 616, 215, 6.82%, 21, 7, 2, 466.87
1559516634, 0, 35, 654, 620, 215, 6.82%, 21, 7, 2, 452.93
1559516659, 0, 35, 655, 621, 215, 6.82%, 21, 7, 2, 387.08
1559516711, 0, 35, 655, 621, 215, 6.82%, 21, 8, 2, 48.94
1559516716, 0, 35, 658, 624, 215, 6.82%, 21, 8, 2, 2.77
1559516721, 0, 35, 659, 625, 215, 6.82%, 21, 8, 2, 460.59
1559516731, 0, 35, 660, 626, 215, 6.82%, 21, 8, 2, 414.81
1559516802, 0, 35, 661, 627, 215, 6.83%, 21, 8, 2, 338.83
1559516807, 0, 35, 662, 628, 215, 6.83%, 21, 8, 2, 399.46
1559516817, 0, 35, 665, 631, 215, 6.83%, 21, 9, 2, 360.41
1559516828, 0, 35, 669, 635, 215, 6.83%, 21, 9, 2, 432.69
1559516833, 0, 35, 670, 636, 215, 6.83%, 21, 9, 2, 392.56
1559516843, 0, 35, 672, 638, 215, 6.83%, 21, 10, 2, 2.85
1559516849, 0, 35, 675, 641, 215, 6.83%, 21, 10, 2, 5.47
1559516859, 0, 35, 676, 642, 215, 6.83%, 21, 10, 2, 2.77
1559516874, 0, 35, 677, 643, 215, 6.83%, 21, 10, 2, 3.41
1559516879, 0, 35, 678, 644, 215, 6.83%, 21, 11, 2, 3.24
1559516889, 0, 35, 679, 645, 215, 6.83%, 21, 11, 2, 375.33
1559517356, 0, 35, 682, 648, 215, 6.83%, 21, 11, 2, 347.05
1559517408, 0, 35, 682, 648, 215, 6.83%, 21, 12, 2, 4.32
1559517423, 0, 35, 686, 652, 215, 6.83%, 21, 12, 2, 772.42
1559517571, 0, 35, 687, 653, 215, 6.83%, 21, 12, 2, 453.69
1559517748, 0, 35, 688, 654, 215, 6.83%, 21, 12, 2, 383.36
1559517865, 0, 35, 696, 662, 215, 6.83%, 21, 12, 2, 723.70
1559518062, 0, 35, 697, 663, 215, 6.83%, 21, 12, 2, 519.80
1559518092, 0, 35, 698, 664, 215, 6.83%, 21, 12, 2, 375.98
1559518099, 0, 35, 698, 664, 215, 6.83%, 21, 13, 2, 3.99
1559518114, 0, 35, 699, 665, 215, 6.83%, 21, 13, 2, 422.28
1559518261, 0, 35, 700, 666, 215, 6.83%, 21, 13, 2, 330.23
1559518288, 0, 35, 705, 671, 215, 6.83%, 21, 13, 2, 31.38
1559518293, 0, 35, 706, 672, 215, 6.83%, 21, 13, 2, 476.42
1559518298, 0, 35, 707, 673, 215, 6.83%, 21, 13, 2, 499.96
1559518313, 0, 35, 709, 675, 215, 6.83%, 21, 13, 2, 488.92
1559518612, 0, 35, 709, 675, 215, 6.83%, 22, 13, 2, 551.87
1559518638, 0, 35, 709, 675, 215, 6.83%, 22, 14, 2, 4.33
1559518664, 0, 35, 709, 675, 215, 6.83%, 23, 14, 2, 765.28
1559518741, 0, 35, 710, 676, 215, 6.83%, 23, 14, 2, 31.55
1559518746, 0, 35, 711, 677, 215, 6.83%, 23, 14, 2, 308.08
1559518756, 0, 35, 711, 677, 215, 6.83%, 24, 14, 2, 587.36
1559518766, 0, 35, 711, 677, 215, 6.83%, 25, 14, 2, 546.99
1559518893, 0, 35, 711, 677, 215, 6.83%, 26, 14, 2, 542.58
1559518914, 0, 35, 712, 678, 215, 6.83%, 26, 14, 2, 349.63
1559519015, 0, 35, 712, 678, 215, 6.83%, 27, 14, 2, 465.92
1559520386, 0, 35, 713, 679, 215, 6.83%, 27, 14, 2, 375.60
1559520458, 0, 35, 715, 681, 215, 6.83%, 27, 14, 2, 370.81
1559520468, 0, 35, 715, 681, 215, 6.83%, 28, 14, 2, 375.96
1559520509, 0, 35, 720, 686, 215, 6.83%, 28, 14, 2, 924.76
1559520576, 0, 35, 721, 687, 215, 6.83%, 28, 14, 2, 735.92
1559521064, 0, 35, 722, 688, 215, 6.83%, 28, 14, 2, 25.59
1559521089, 0, 35, 723, 689, 215, 6.83%, 28, 14, 2, 71.69
1559521100, 0, 35, 724, 690, 215, 6.83%, 28, 14, 2, 395.95
1559521110, 0, 35, 725, 691, 215, 6.83%, 28, 14, 2, 379.29
1559521115, 0, 35, 726, 692, 215, 6.83%, 28, 14, 2, 379.90
1559522214, 0, 35, 727, 693, 215, 6.83%, 28, 14, 2, 364.71
1559526867, 0, 35, 727, 693, 215, 6.83%, 29, 14, 2, 409.82
1559527336, 0, 35, 728, 694, 215, 6.83%, 29, 14, 2, 446.67
1559535850, 0, 35, 728, 694, 215, 6.83%, 30, 14, 2, 299.78
1559536039, 0, 35, 730, 696, 215, 6.84%, 30, 14, 2, 367.89
1559536044, 0, 35, 731, 697, 215, 6.85%, 30, 14, 2, 368.31
1559536049, 0, 35, 732, 698, 215, 6.85%, 30, 14, 2, 368.52
1559536054, 0, 35, 733, 699, 215, 6.85%, 30, 14, 2, 371.32
1559536064, 0, 35, 734, 700, 215, 6.86%, 30, 14, 2, 301.38
1559536567, 0, 35, 744, 710, 215, 6.86%, 30, 15, 2, 87.40
1559536572, 0, 35, 744, 710, 215, 6.86%, 30, 16, 2, 697.88
1559536577, 0, 35, 746, 712, 215, 6.86%, 30, 16, 2, 634.73
1559536582, 0, 35, 748, 714, 215, 6.86%, 30, 16, 2, 690.74
1559536587, 0, 37, 749, 714, 237, 6.86%, 30, 16, 2, 912.42
1559536608, 0, 37, 750, 715, 237, 6.86%, 30, 16, 2, 1202.53
1559536623, 0, 37, 751, 716, 237, 6.86%, 30, 16, 2, 1222.38
1559536878, 0, 37, 752, 717, 237, 6.86%, 30, 16, 2, 1256.10
1559536949, 0, 38, 752, 716, 237, 6.86%, 30, 16, 2, 1100.77
1559537416, 0, 40, 753, 716, 237, 6.86%, 30, 16, 2, 1243.03
1559537463, 0, 41, 755, 717, 236, 6.86%, 30, 16, 2, 1235.21
1559537697, 0, 42, 756, 717, 237, 6.87%, 30, 16, 2, 1292.36
1559537936, 0, 43, 756, 716, 236, 6.87%, 30, 16, 2, 1274.12
1559538180, 0, 44, 756, 715, 235, 6.87%, 30, 16, 2, 1268.72
1559538424, 0, 45, 756, 714, 234, 6.87%, 30, 16, 2, 1103.95
1559538500, 0, 45, 756, 714, 234, 6.87%, 31, 16, 2, 1009.09
1559538897, 0, 48, 758, 715, 234, 6.87%, 31, 16, 2, 1049.26
1559538953, 0, 48, 759, 716, 234, 6.87%, 31, 16, 2, 1192.08
1559539426, 0, 49, 761, 717, 233, 6.87%, 31, 16, 2, 4.24
1559539431, 0, 49, 798, 754, 233, 6.87%, 31, 16, 2, 849.14
1559539437, 0, 49, 802, 758, 233, 6.87%, 31, 16, 2, 28.76
1559539442, 0, 49, 812, 768, 233, 6.87%, 31, 16, 2, 764.66
1559539447, 0, 49, 816, 772, 233, 6.87%, 31, 16, 2, 516.83
1559539453, 0, 49, 817, 773, 233, 6.87%, 31, 16, 2, 558.88
1559539460, 0, 49, 819, 775, 233, 6.87%, 31, 16, 2, 41.28
1559539471, 0, 49, 823, 779, 233, 6.87%, 31, 16, 2, 167.30
1559539486, 0, 49, 825, 781, 233, 6.87%, 31, 16, 2, 1026.55
1559539491, 0, 49, 829, 785, 233, 6.87%, 31, 16, 2, 998.96
1559539496, 0, 49, 832, 788, 233, 6.87%, 31, 16, 2, 718.62
1559539561, 0, 49, 833, 789, 233, 6.87%, 31, 16, 2, 118.32
1559539571, 0, 49, 835, 791, 233, 6.87%, 31, 16, 2, 16.01
1559539576, 0, 49, 836, 792, 233, 6.87%, 31, 16, 2, 11.24
1559539582, 0, 49, 837, 793, 233, 6.87%, 31, 16, 2, 966.83
1559539653, 0, 49, 838, 794, 233, 6.87%, 31, 16, 2, 1286.22
1559539663, 0, 49, 839, 795, 233, 6.87%, 31, 16, 2, 1157.33
1559539678, 0, 49, 842, 798, 233, 6.87%, 33, 16, 2, 1115.45
1559539689, 0, 49, 843, 799, 233, 6.87%, 33, 16, 2, 581.55
1559540087, 0, 49, 844, 800, 233, 6.87%, 33, 16, 2, 1063.46
1559540097, 0, 49, 845, 801, 233, 6.87%, 33, 16, 2, 1128.65
1559540103, 0, 49, 846, 802, 233, 6.87%, 33, 16, 2, 1077.37
1559540220, 0, 49, 847, 803, 233, 6.87%, 34, 16, 2, 847.26
1559540732, 0, 49, 848, 804, 233, 6.87%, 34, 16, 2, 3.05
1559540737, 0, 49, 849, 805, 233, 6.87%, 34, 16, 2, 978.15
1559540742, 0, 51, 849, 804, 231, 6.87%, 34, 16, 2, 1271.22
1559540814, 0, 52, 850, 804, 230, 6.87%, 34, 16, 2, 1314.53
1559540819, 0, 52, 851, 805, 230, 6.87%, 34, 16, 2, 1352.12
1559540854, 0, 52, 853, 807, 230, 6.87%, 34, 16, 2, 1301.39
1559540859, 0, 52, 854, 808, 230, 6.87%, 34, 16, 2, 1071.79
1559540864, 0, 52, 857, 811, 230, 6.87%, 34, 16, 2, 1091.74
1559540880, 0, 53, 857, 810, 230, 6.87%, 34, 16, 2, 1302.45
1559540951, 0, 53, 858, 811, 230, 6.87%, 34, 16, 2, 1286.33
1559540956, 0, 53, 863, 816, 230, 6.87%, 34, 16, 2, 1314.51
1559541002, 0, 54, 863, 815, 229, 6.87%, 34, 16, 2, 1328.02
1559541083, 0, 55, 870, 821, 228, 6.87%, 34, 16, 2, 1129.62
1559541276, 0, 55, 871, 822, 228, 6.87%, 34, 16, 2, 1209.75
1559543061, 0, 55, 879, 830, 228, 6.87%, 34, 16, 2, 1151.14
1559543066, 0, 55, 881, 832, 228, 6.87%, 34, 16, 2, 1190.96
1559543071, 0, 56, 885, 835, 228, 6.87%, 34, 16, 2, 1142.84
1559543077, 0, 56, 901, 851, 228, 6.87%, 34, 16, 2, 85.58
1559543082, 0, 56, 914, 864, 228, 6.87%, 34, 16, 2, 670.74
1559543087, 0, 56, 916, 866, 228, 6.87%, 34, 16, 2, 1080.03
1559543102, 0, 56, 918, 868, 228, 6.87%, 34, 16, 2, 28.62
1559543107, 0, 56, 928, 878, 228, 6.87%, 34, 16, 2, 953.64
1559543112, 0, 56, 929, 879, 228, 6.87%, 34, 16, 2, 1046.16
1559543174, 0, 56, 932, 882, 228, 6.87%, 34, 16, 2, 1127.09
1559543184, 0, 56, 933, 883, 228, 6.87%, 35, 16, 2, 1078.08
1559543195, 0, 56, 934, 884, 228, 6.87%, 35, 16, 2, 317.43
1559543240, 0, 56, 938, 888, 228, 6.87%, 35, 16, 2, 1121.58
1559543469, 0, 56, 939, 889, 228, 6.87%, 35, 16, 2, 1204.44
1559543658, 0, 56, 940, 890, 228, 6.87%, 35, 16, 2, 1186.48
1559543663, 0, 56, 941, 891, 228, 6.87%, 35, 16, 2, 1047.12
1559543736, 0, 57, 943, 892, 234, 6.87%, 35, 16, 2, 5.00
1559543741, 0, 57, 948, 897, 234, 6.87%, 35, 16, 2, 642.86
1559543746, 0, 57, 952, 901, 234, 6.87%, 35, 16, 2, 160.65
1559543752, 0, 57, 953, 902, 234, 6.87%, 35, 16, 2, 1034.29
1559543772, 0, 57, 958, 907, 234, 6.87%, 35, 16, 2, 780.91
1559543810, 0, 57, 959, 908, 234, 6.87%, 35, 16, 2, 7.78
1559543833, 0, 57, 960, 909, 234, 6.87%, 35, 16, 2, 203.30
1559543930, 0, 57, 960, 909, 234, 6.87%, 36, 16, 2, 1103.74
1559544352, 0, 57, 961, 910, 234, 6.87%, 36, 16, 2, 1037.88
1559544357, 0, 57, 962, 911, 234, 6.87%, 36, 16, 2, 1017.96
1559544456, 0, 58, 965, 913, 234, 6.87%, 36, 16, 2, 29.60
1559544461, 0, 58, 972, 920, 234, 6.87%, 36, 16, 2, 9.95
1559544467, 0, 58, 974, 922, 234, 6.87%, 36, 16, 2, 18.62
1559544472, 0, 58, 979, 927, 234, 6.87%, 36, 16, 2, 5.24
1559544498, 0, 58, 980, 928, 234, 6.87%, 36, 16, 2, 15.99
1559544503, 0, 58, 986, 934, 234, 6.87%, 36, 16, 2, 1021.43
1559544584, 0, 58, 990, 938, 234, 6.87%, 36, 16, 2, 13.65
1559544629, 0, 58, 991, 939, 234, 6.87%, 36, 16, 2, 3.26
1559544680, 0, 58, 991, 939, 234, 6.87%, 37, 16, 2, 934.97
1559545113, 0, 58, 993, 941, 234, 6.87%, 37, 16, 2, 1041.80
1559545246, 0, 61, 993, 940, 235, 6.87%, 37, 16, 2, 1058.07
1559545251, 0, 61, 1000, 947, 235, 6.87%, 37, 16, 2, 103.23
1559545256, 0, 61, 1003, 950, 235, 6.87%, 37, 16, 2, 886.70
1559545261, 0, 61, 1006, 953, 235, 6.87%, 37, 16, 2, 1190.52
1559545280, 0, 61, 1007, 954, 235, 6.87%, 37, 16, 2, 10.70
1559545285, 0, 61, 1011, 958, 235, 6.87%, 37, 16, 2, 1115.00
1559545367, 0, 61, 1011, 958, 235, 6.87%, 38, 16, 2, 1080.00
1559545388, 0, 61, 1011, 958, 235, 6.87%, 38, 17, 2, 5.44
1559545930, 0, 63, 1022, 968, 234, 6.87%, 38, 17, 2, 1174.01
1559545935, 0, 63, 1024, 970, 234, 6.87%, 38, 17, 2, 1165.85
1559545941, 0, 63, 1025, 971, 234, 6.87%, 38, 17, 2, 1206.52
1559545946, 0, 63, 1027, 973, 234, 6.87%, 38, 17, 2, 1057.01
1559545956, 0, 63, 1028, 974, 234, 6.87%, 38, 17, 2, 1189.45
1559545961, 0, 63, 1039, 985, 234, 6.87%, 38, 17, 2, 1038.36
1559545966, 0, 63, 1043, 989, 234, 6.87%, 39, 17, 2, 1151.24
1559546001, 0, 63, 1044, 990, 234, 6.87%, 39, 17, 2, 1203.78
1559546383, 0, 63, 1046, 992, 234, 6.87%, 39, 17, 2, 1148.43
1559546388, 0, 63, 1052, 998, 234, 6.87%, 39, 17, 2, 1093.98
1559546393, 0, 63, 1053, 999, 234, 6.87%, 39, 17, 2, 1127.90
1559546399, 0, 64, 1055, 1000, 235, 6.87%, 39, 17, 2, 3.49
1559546404, 0, 64, 1067, 1012, 235, 6.87%, 39, 17, 2, 712.09
1559546409, 0, 64, 1076, 1021, 235, 6.87%, 39, 17, 2, 762.91
1559546414, 0, 64, 1079, 1024, 235, 6.87%, 39, 17, 2, 14.16
1559546419, 0, 64, 1082, 1027, 235, 6.87%, 39, 17, 2, 906.16
1559546431, 0, 64, 1083, 1028, 235, 6.87%, 39, 17, 2, 2.90
1559546436, 0, 64, 1086, 1031, 235, 6.87%, 39, 17, 2, 5.37
1559546446, 0, 64, 1095, 1040, 235, 6.87%, 39, 17, 2, 1009.79
1559546451, 0, 64, 1096, 1041, 235, 6.87%, 39, 17, 2, 914.30
1559546515, 0, 64, 1097, 1042, 235, 6.87%, 39, 17, 2, 9.50
1559546521, 0, 64, 1100, 1045, 235, 6.87%, 39, 17, 2, 10.78
1559546536, 0, 64, 1101, 1046, 235, 6.87%, 39, 17, 2, 1148.41
1559546541, 0, 64, 1103, 1048, 235, 6.87%, 39, 17, 2, 869.32
1559546572, 0, 64, 1104, 1049, 235, 6.87%, 39, 17, 2, 4.56
1559546603, 0, 64, 1108, 1053, 235, 6.87%, 41, 17, 2, 983.65
1559547091, 0, 64, 1110, 1055, 235, 6.87%, 41, 17, 2, 1083.03
1559547275, 0, 69, 1110, 1054, 234, 6.87%, 41, 17, 2, 13.42
1559547570, 0, 69, 1112, 1056, 234, 6.87%, 41, 17, 2, 3.06
1559547575, 0, 69, 1114, 1058, 234, 6.87%, 41, 17, 2, 3.32
1559547581, 0, 69, 1116, 1060, 234, 6.87%, 41, 17, 2, 3.65
1559547586, 0, 69, 1118, 1062, 234, 6.87%, 41, 17, 2, 3.77
1559547591, 0, 69, 1118, 1062, 234, 6.87%, 41, 18, 2, 3.41
1559547596, 0, 69, 1119, 1063, 234, 6.87%, 41, 18, 2, 3.32
1559547601, 0, 69, 1120, 1064, 234, 6.87%, 41, 18, 2, 32.89
1559547606, 0, 69, 1122, 1066, 234, 6.87%, 41, 18, 2, 3.84
1559547611, 0, 69, 1124, 1068, 234, 6.87%, 41, 18, 2, 3.84
1559547617, 0, 69, 1126, 1070, 234, 6.87%, 41, 18, 2, 4.12
1559547633, 0, 69, 1127, 1071, 234, 6.87%, 41, 18, 2, 3.84
1559547654, 0, 69, 1130, 1074, 234, 6.87%, 41, 18, 2, 3.82
1559547660, 0, 69, 1132, 1076, 234, 6.87%, 41, 18, 2, 4.74
1559547670, 0, 69, 1134, 1078, 234, 6.87%, 41, 18, 2, 5.99
1559547680, 0, 69, 1135, 1079, 234, 6.87%, 41, 18, 2, 3.85
1559547685, 0, 69, 1136, 1080, 234, 6.87%, 41, 18, 2, 3.80
1559547695, 0, 69, 1137, 1081, 234, 6.87%, 41, 18, 2, 3.80
1559547701, 0, 69, 1138, 1082, 234, 6.87%, 41, 18, 2, 3.61
1559547706, 0, 69, 1140, 1084, 234, 6.87%, 41, 18, 2, 3.36
1559547726, 0, 69, 1142, 1086, 234, 6.87%, 41, 18, 2, 3.84
1559547732, 0, 69, 1143, 1087, 234, 6.87%, 41, 18, 2, 3.77
1559547773, 0, 69, 1144, 1088, 234, 6.87%, 41, 18, 2, 25.98
1559548147, 0, 69, 1145, 1089, 234, 6.87%, 41, 18, 2, 3.85
1559548152, 0, 69, 1147, 1091, 234, 6.87%, 41, 18, 2, 3.84
1559548162, 0, 69, 1149, 1093, 234, 6.87%, 41, 18, 2, 3.25
1559548167, 0, 69, 1151, 1095, 234, 6.87%, 41, 18, 2, 3.81
1559548173, 0, 69, 1152, 1096, 234, 6.87%, 41, 18, 2, 3.83
1559548204, 0, 69, 1153, 1097, 234, 6.87%, 41, 18, 2, 3.81
1559548235, 0, 69, 1154, 1098, 234, 6.87%, 41, 18, 2, 4.51
1559548240, 0, 69, 1155, 1099, 234, 6.87%, 41, 18, 2, 5.70
1559548400, 0, 69, 1156, 1100, 234, 6.87%, 41, 18, 2, 3.87
1559548411, 0, 69, 1157, 1101, 234, 6.87%, 41, 18, 2, 4.03
1559548546, 0, 69, 1158, 1102, 234, 6.87%, 41, 18, 2, 3.90
1559548681, 0, 69, 1159, 1103, 234, 6.87%, 41, 18, 2, 3.49
1559548691, 0, 69, 1160, 1104, 234, 6.87%, 41, 18, 2, 3.79
1559548727, 0, 69, 1161, 1105, 234, 6.87%, 41, 18, 2, 3.40
1559548928, 0, 69, 1162, 1106, 234, 6.87%, 41, 18, 2, 25.67
1559548944, 0, 69, 1163, 1107, 234, 6.87%, 41, 18, 2, 5.39
1559548954, 0, 69, 1164, 1108, 234, 6.88%, 41, 18, 2, 6.75
1559548970, 0, 69, 1165, 1109, 234, 6.88%, 41, 18, 2, 8.39
1559549047, 0, 69, 1166, 1110, 234, 6.88%, 41, 18, 2, 3.96
1559549078, 0, 69, 1167, 1111, 234, 6.88%, 41, 18, 2, 4.14
1559549290, 0, 69, 1168, 1112, 234, 6.88%, 41, 18, 2, 3.61
1559549296, 0, 69, 1169, 1113, 234, 6.88%, 41, 18, 2, 3.75
1559549301, 0, 69, 1170, 1114, 234, 6.88%, 41, 18, 2, 3.78
1559549327, 0, 69, 1171, 1115, 234, 6.88%, 41, 18, 2, 3.83
1559549342, 0, 69, 1173, 1117, 234, 6.89%, 41, 18, 2, 5.55
1559549348, 0, 69, 1175, 1119, 234, 6.89%, 41, 18, 2, 4.07
1559549353, 0, 69, 1177, 1121, 234, 6.89%, 41, 18, 2, 3.78
1559549358, 0, 69, 1178, 1122, 234, 6.89%, 41, 18, 2, 3.79
1559549363, 0, 69, 1180, 1124, 234, 6.89%, 41, 18, 2, 4.71
1559549633, 0, 69, 1183, 1127, 234, 6.90%, 41, 18, 2, 5.00
1559550751, 0, 69, 1184, 1128, 234, 6.91%, 41, 18, 2, 3.81
1559551144, 0, 69, 1185, 1129, 234, 6.91%, 41, 18, 2, 7.01
1559551878, 0, 69, 1187, 1131, 234, 6.91%, 41, 18, 2, 6.99
1559551883, 0, 69, 1188, 1132, 234, 6.91%, 41, 18, 2, 7.51
1559551888, 0, 69, 1189, 1133, 234, 6.91%, 41, 18, 2, 6.65
1559551893, 0, 69, 1190, 1134, 234, 6.92%, 41, 18, 2, 7.31
1559551899, 0, 69, 1191, 1135, 234, 6.92%, 41, 18, 2, 7.23
1559552273, 0, 69, 1192, 1136, 234, 6.92%, 41, 18, 2, 13.41
1559552526, 0, 69, 1193, 1137, 234, 6.92%, 41, 18, 2, 9.21
1559553119, 0, 69, 1194, 1138, 234, 6.92%, 41, 18, 2, 21.19
1559553320, 0, 69, 1195, 1139, 234, 6.92%, 41, 18, 2, 3.89
1559553613, 0, 69, 1196, 1140, 234, 6.92%, 41, 18, 2, 14.26
1559554668, 0, 69, 1197, 1141, 234, 6.92%, 41, 18, 2, 3.83
1559555057, 0, 69, 1198, 1142, 234, 6.92%, 41, 18, 2, 4.51
1559555330, 0, 69, 1199, 1143, 234, 6.92%, 41, 18, 2, 5.53
1559555371, 0, 69, 1200, 1144, 234, 6.92%, 41, 18, 2, 5.41
1559555377, 0, 69, 1201, 1145, 234, 6.92%, 41, 18, 2, 244.00
1559555570, 0, 69, 1202, 1146, 234, 6.92%, 41, 18, 2, 3.91
1559555575, 0, 69, 1203, 1147, 234, 6.92%, 41, 18, 2, 4.07
1559555718, 0, 69, 1205, 1149, 234, 6.92%, 41, 18, 2, 4.06
1559556071, 0, 69, 1206, 1150, 234, 6.92%, 41, 18, 2, 4.74
1559557058, 0, 69, 1208, 1152, 234, 6.92%, 41, 18, 2, 4.06
1559558346, 0, 69, 1209, 1153, 234, 6.92%, 41, 18, 2, 6.91
1559586318, 0, 69, 1210, 1154, 234, 6.92%, 41, 18, 2, 1145.81
1559586754, 0, 69, 1211, 1155, 234, 6.92%, 41, 18, 2, 1210.86
1559592946, 0, 69, 1212, 1156, 234, 6.92%, 41, 18, 2, 16.38
1559594528, 0, 69, 1213, 1157, 234, 6.92%, 41, 18, 2, 3.93
1559594554, 0, 69, 1213, 1157, 234, 6.92%, 42, 18, 2, 631.78
1559594611, 0, 69, 1214, 1158, 234, 6.92%, 42, 18, 2, 3.71
1559594616, 0, 69, 1216, 1160, 234, 6.92%, 42, 18, 2, 3.72
1559594621, 0, 69, 1217, 1161, 234, 6.92%, 42, 18, 2, 6.83
1559595437, 0, 69, 1218, 1162, 234, 6.92%, 42, 18, 2, 60.16
1559595738, 0, 69, 1219, 1163, 234, 6.92%, 42, 18, 2, 8.83
1559595784, 0, 69, 1220, 1164, 234, 6.92%, 42, 18, 2, 3.71
1559595789, 0, 69, 1221, 1165, 234, 6.92%, 42, 18, 2, 3.69
1559598686, 0, 69, 1222, 1166, 234, 6.92%, 42, 18, 2, 4.61
1559612106, 0, 69, 1222, 1166, 234, 6.92%, 43, 18, 2, 3.82
1559618123, 0, 69, 1223, 1167, 234, 6.92%, 43, 18, 2, 10.28
1559618271, 0, 69, 1224, 1168, 234, 6.92%, 43, 18, 2, 5.19
1559618671, 0, 69, 1225, 1169, 234, 6.93%, 43, 18, 2, 4.94
1559619066, 0, 69, 1226, 1170, 234, 6.93%, 43, 18, 2, 5.04
1559619469, 0, 69, 1227, 1171, 234, 6.93%, 43, 18, 2, 5.30
1559619872, 0, 69, 1228, 1172, 234, 6.93%, 43, 18, 2, 5.59
1559620272, 0, 69, 1229, 1173, 234, 6.93%, 43, 18, 2, 4.84
1559620632, 0, 69, 1230, 1174, 234, 6.93%, 43, 18, 2, 7.39
1559620863, 0, 70, 1230, 1173, 258, 6.93%, 43, 18, 2, 10.64
1559620889, 0, 70, 1231, 1174, 258, 6.93%, 43, 18, 2, 12.32
1559621237, 0, 70, 1233, 1176, 258, 6.93%, 43, 18, 2, 4.00
1559621242, 0, 70, 1234, 1177, 258, 6.93%, 43, 18, 2, 3.38
1559621247, 0, 70, 1236, 1179, 258, 6.93%, 43, 18, 2, 3.15
1559621258, 0, 70, 1237, 1180, 258, 6.93%, 43, 18, 2, 2.93
1559621263, 0, 70, 1239, 1182, 258, 6.94%, 43, 18, 2, 3.71
1559621268, 0, 70, 1240, 1183, 258, 6.94%, 43, 18, 2, 3.00
1559621368, 0, 70, 1241, 1184, 258, 6.94%, 43, 18, 2, 26.53
1559621393, 0, 70, 1242, 1185, 258, 6.94%, 43, 18, 2, 14.92
1559621947, 0, 70, 1243, 1186, 258, 6.94%, 43, 18, 2, 3.03
1559621957, 0, 70, 1245, 1188, 258, 6.94%, 43, 18, 2, 4.01
1559621962, 0, 70, 1246, 1189, 258, 6.94%, 43, 18, 2, 2.81
1559622680, 0, 70, 1247, 1190, 258, 6.94%, 43, 18, 2, 4.16
1559623928, 0, 70, 1248, 1191, 258, 6.94%, 43, 18, 2, 2.93
1559624280, 0, 70, 1249, 1192, 258, 6.94%, 43, 18, 2, 10.36
1559628856, 0, 70, 1250, 1193, 258, 6.94%, 43, 18, 2, 4.44
1559629320, 0, 70, 1251, 1194, 258, 6.94%, 43, 18, 2, 4.00
1559634387, 0, 70, 1251, 1194, 258, 6.94%, 44, 18, 2, 355.04
1559634392, 0, 70, 1252, 1195, 258, 6.94%, 44, 18, 2, 23.32
1559635224, 0, 70, 1253, 1196, 258, 6.95%, 44, 18, 2, 8.44
1559635230, 0, 70, 1256, 1199, 258, 6.95%, 44, 18, 2, 9.34
1559635933, 0, 70, 1257, 1200, 258, 6.95%, 44, 18, 2, 3.19
1559636463, 0, 70, 1258, 1201, 258, 6.95%, 44, 18, 2, 10.15
1559643058, 0, 71, 1258, 1200, 265, 6.95%, 44, 18, 2, 71.59
1559643246, 0, 71, 1259, 1201, 265, 6.95%, 44, 19, 2, 5.13
1559643251, 0, 71, 1260, 1202, 265, 6.95%, 44, 20, 2, 4.11
1559643256, 0, 71, 1261, 1203, 265, 6.95%, 44, 20, 2, 4.69
1559643261, 0, 71, 1264, 1206, 265, 6.95%, 44, 20, 2, 5.48
1559643266, 0, 71, 1267, 1209, 265, 6.95%, 44, 20, 2, 5.10
1559643272, 0, 71, 1270, 1212, 265, 6.95%, 44, 20, 2, 6.69
1559643287, 0, 71, 1271, 1213, 265, 6.95%, 44, 20, 2, 5.91
1559643292, 0, 71, 1272, 1214, 265, 6.95%, 44, 20, 2, 6.56
1559643297, 0, 71, 1273, 1215, 265, 6.95%, 44, 20, 2, 5.99
1559643353, 0, 71, 1274, 1216, 265, 6.95%, 44, 20, 2, 86.45
1559643430, 0, 71, 1275, 1217, 265, 6.95%, 44, 20, 2, 6.00
1559643617, 0, 71, 1276, 1218, 265, 6.95%, 44, 20, 2, 5.80
1559643622, 0, 71, 1278, 1220, 265, 6.95%, 44, 20, 2, 6.31
1559643628, 0, 71, 1279, 1221, 265, 6.95%, 44, 20, 2, 4.20
1559643633, 0, 71, 1281, 1223, 265, 6.96%, 44, 20, 2, 11.76
1559643775, 0, 71, 1282, 1224, 265, 6.96%, 44, 20, 2, 6.50
1559643953, 0, 71, 1283, 1225, 265, 6.96%, 44, 20, 2, 4.39
1559644343, 0, 71, 1284, 1226, 265, 6.96%, 44, 20, 2, 4.77
1559644348, 0, 71, 1285, 1227, 265, 6.96%, 44, 20, 2, 5.34
1559644353, 0, 71, 1286, 1228, 265, 6.96%, 44, 20, 2, 6.05
1559644373, 0, 71, 1287, 1229, 265, 6.96%, 44, 20, 2, 4.33
1559644384, 0, 71, 1290, 1232, 265, 6.96%, 44, 20, 2, 5.00
1559644522, 0, 71, 1292, 1234, 265, 6.96%, 44, 20, 2, 5.98
1559646180, 0, 71, 1292, 1234, 265, 6.96%, 44, 21, 2, 12.30
1559646201, 0, 71, 1293, 1235, 265, 6.96%, 44, 21, 2, 10.41
1559646833, 0, 71, 1294, 1236, 265, 6.96%, 44, 21, 2, 11.16
1559647080, 0, 71, 1295, 1237, 265, 6.96%, 44, 21, 2, 8.53
1559647685, 0, 71, 1296, 1238, 265, 6.96%, 44, 21, 2, 4.30
1559647690, 0, 71, 1297, 1239, 265, 6.96%, 44, 21, 2, 1255.00
1559647996, 0, 71, 1298, 1240, 265, 6.96%, 44, 21, 2, 5.97
1559648001, 0, 71, 1299, 1241, 265, 6.96%, 44, 21, 2, 5.28
1559648011, 0, 71, 1300, 1242, 265, 6.97%, 44, 21, 2, 25.28
1559648270, 0, 71, 1300, 1242, 265, 6.97%, 45, 21, 2, 16.00
1559648275, 0, 71, 1301, 1243, 265, 6.97%, 45, 21, 2, 4.72
1559648358, 0, 71, 1302, 1244, 265, 6.97%, 45, 21, 2, 20.65
1559648388, 0, 71, 1303, 1245, 265, 6.97%, 45, 21, 2, 4.61
1559648569, 0, 71, 1304, 1246, 265, 6.97%, 45, 21, 2, 6.64
1559649005, 0, 71, 1305, 1247, 265, 6.97%, 45, 21, 2, 6.06
1559649572, 0, 71, 1305, 1247, 265, 6.97%, 46, 21, 2, 6.09
1559649846, 0, 71, 1306, 1248, 265, 6.97%, 46, 21, 2, 8.22
1559671001, 0, 71, 1308, 1250, 265, 6.97%, 46, 21, 2, 4.97
1559671079, 0, 71, 1309, 1251, 265, 6.97%, 46, 21, 2, 9.49
1559671115, 0, 71, 1310, 1252, 265, 6.98%, 46, 21, 2, 5.99
1559673771, 0, 71, 1311, 1253, 265, 6.98%, 46, 21, 2, 5.71
1559675509, 0, 71, 1312, 1254, 265, 6.98%, 46, 21, 2, 9.00
1559688474, 0, 71, 1313, 1255, 265, 6.98%, 46, 21, 2, 7.57
1559688613, 0, 71, 1314, 1256, 265, 6.98%, 46, 21, 2, 6.86
1559688628, 0, 73, 1314, 1255, 270, 6.98%, 46, 21, 2, 117.35
1559688644, 0, 73, 1315, 1256, 270, 6.98%, 46, 21, 2, 3.74
1559688868, 0, 73, 1316, 1257, 270, 6.98%, 46, 21, 2, 6.09
1559688873, 0, 73, 1317, 1258, 270, 6.98%, 46, 21, 2, 4.13
1559688878, 0, 73, 1320, 1261, 270, 6.98%, 46, 21, 2, 4.57
1559688888, 0, 73, 1322, 1263, 270, 6.98%, 46, 21, 2, 4.93
1559688920, 0, 73, 1324, 1265, 270, 6.98%, 46, 21, 2, 5.87
1559689299, 0, 73, 1325, 1266, 270, 6.98%, 46, 21, 2, 4.10
1559689304, 0, 73, 1326, 1267, 270, 6.98%, 46, 21, 2, 4.13
1559689309, 0, 73, 1327, 1268, 270, 6.98%, 46, 21, 2, 4.72
1559689697, 0, 73, 1328, 1269, 270, 6.98%, 46, 21, 2, 4.08
1559690207, 0, 73, 1330, 1271, 270, 6.99%, 46, 21, 2, 4.95
1559692495, 0, 73, 1331, 1272, 270, 6.99%, 46, 21, 2, 6.57
1559694181, 0, 73, 1332, 1273, 270, 6.99%, 46, 21, 2, 4.70
1559694760, 0, 73, 1333, 1274, 270, 6.99%, 46, 21, 2, 8.41
1559695036, 0, 73, 1334, 1275, 270, 6.99%, 46, 21, 2, 4.77
1559737584, 0, 73, 1334, 1275, 270, 6.99%, 47, 21, 2, 4.78
1559743965, 0, 74, 1334, 1274, 272, 6.99%, 47, 21, 2, 7.77
1559743980, 0, 74, 1335, 1275, 272, 6.99%, 47, 21, 2, 18.63
1559744240, 0, 74, 1336, 1276, 272, 6.99%, 47, 21, 2, 5.22
1559744245, 0, 74, 1337, 1277, 272, 6.99%, 47, 21, 2, 4.13
1559745208, 0, 74, 1338, 1278, 272, 6.99%, 47, 21, 2, 3.57
1559745214, 0, 74, 1339, 1279, 272, 6.99%, 47, 21, 2, 3.62
1559745829, 0, 74, 1341, 1281, 272, 6.99%, 47, 21, 2, 4.05
1559750979, 0, 74, 1342, 1282, 272, 6.99%, 47, 21, 2, 221.52
1559751513, 0, 74, 1343, 1283, 272, 6.99%, 47, 21, 2, 4.32
1559751656, 0, 74, 1344, 1284, 272, 6.99%, 47, 21, 2, 9.88
