# unix_time, cycles_done, cur_path, paths_total, pending_total, pending_favs, map_size, unique_crashes, unique_hangs, max_depth, execs_per_sec
1556943639, 0, 0, 2027, 2027, 320, 7.16%, 0, 0, 1, 390.63
1556943644, 0, 1, 2030, 2030, 320, 7.16%, 0, 0, 2, 5195.00
1556943649, 0, 1, 2032, 2032, 320, 7.16%, 0, 0, 2, 5365.21
1556943801, 0, 1, 2034, 2034, 320, 7.16%, 0, 0, 2, 4869.72
1556944923, 0, 1, 2037, 2037, 320, 7.16%, 0, 0, 2, 4984.70
1556945128, 0, 1, 2038, 2038, 320, 7.16%, 0, 0, 2, 5471.88
1556945164, 0, 2, 2040, 2039, 320, 7.16%, 0, 0, 2, 4975.61
1556945169, 0, 2, 2041, 2040, 320, 7.16%, 0, 0, 2, 3274.78
1556946673, 0, 3, 2042, 2040, 319, 7.16%, 0, 0, 2, 4964.02
1556948213, 0, 3, 2042, 2040, 319, 7.16%, 1, 0, 2, 4269.99
1556948218, 0, 3, 2043, 2041, 319, 7.16%, 1, 0, 2, 3997.71
1556948279, 0, 3, 2043, 2041, 319, 7.16%, 2, 0, 2, 5486.66
1556948310, 0, 3, 2044, 2042, 319, 7.16%, 2, 0, 2, 5443.14
1556948638, 0, 7, 2044, 2041, 320, 7.16%, 2, 0, 2, 4766.30
1556950372, 0, 8, 2049, 2045, 319, 7.18%, 2, 0, 2, 4385.54
1556950377, 0, 8, 2051, 2047, 319, 7.18%, 2, 0, 2, 60.03
1556950383, 0, 8, 2054, 2050, 319, 7.18%, 2, 0, 2, 3604.16
1556950393, 0, 8, 2057, 2053, 319, 7.18%, 2, 0, 2, 5118.43
1556950399, 0, 8, 2059, 2055, 319, 7.18%, 2, 1, 2, 274.90
1556950404, 0, 8, 2060, 2056, 319, 7.18%, 2, 1, 2, 3925.67
1556950416, 0, 8, 2060, 2056, 319, 7.18%, 2, 6, 2, 16.67
1556950421, 0, 8, 2060, 2056, 319, 7.18%, 2, 8, 2, 8.30
1556950426, 0, 8, 2061, 2057, 319, 7.18%, 3, 9, 2, 3561.29
1556950432, 0, 8, 2062, 2058, 319, 7.18%, 4, 9, 2, 4437.58
1556950437, 0, 8, 2063, 2059, 319, 7.18%, 4, 9, 2, 3914.90
1556950610, 0, 8, 2064, 2060, 319, 7.18%, 4, 9, 2, 5333.73
1556952066, 0, 8, 2064, 2060, 319, 7.18%, 5, 9, 2, 5248.55
1556952086, 0, 8, 2065, 2061, 319, 7.18%, 5, 9, 2, 5373.72
1556952096, 0, 8, 2066, 2062, 319, 7.18%, 5, 9, 2, 5565.45
1556952173, 0, 8, 2067, 2063, 319, 7.18%, 5, 9, 2, 5350.59
1556952178, 0, 8, 2068, 2064, 319, 7.18%, 5, 9, 2, 5518.64
1556952188, 0, 8, 2069, 2065, 319, 7.18%, 5, 9, 2, 5553.83
1556952229, 0, 8, 2072, 2068, 319, 7.18%, 5, 9, 2, 4262.37
1556952234, 0, 8, 2073, 2069, 319, 7.18%, 5, 9, 2, 3962.67
1556952239, 0, 8, 2075, 2071, 319, 7.18%, 5, 9, 2, 3882.14
1556952255, 0, 8, 2076, 2072, 319, 7.18%, 5, 9, 2, 3844.83
1556952326, 0, 8, 2077, 2073, 319, 7.18%, 5, 9, 2, 5459.83
1556952460, 0, 8, 2077, 2073, 319, 7.18%, 7, 9, 2, 4267.29
1556953441, 0, 8, 2077, 2073, 319, 7.18%, 7, 10, 2, 314.34
1556953446, 0, 9, 2079, 2074, 323, 7.18%, 7, 10, 2, 3842.68
1556954944, 0, 12, 2080, 2074, 322, 7.18%, 7, 10, 2, 734.94
1556954982, 0, 12, 2080, 2074, 322, 7.18%, 7, 11, 2, 9.64
1556957011, 0, 12, 2080, 2074, 322, 7.18%, 9, 11, 2, 4399.84
1556957319, 0, 12, 2080, 2074, 322, 7.18%, 10, 11, 2, 3837.32
1556957921, 0, 14, 2080, 2073, 322, 7.18%, 10, 11, 2, 3981.09
1556958228, 0, 14, 2081, 2074, 322, 7.18%, 10, 11, 2, 5138.12
1556958253, 0, 15, 2081, 2073, 321, 7.18%, 10, 11, 2, 4896.42
1556958555, 0, 16, 2081, 2072, 320, 7.18%, 10, 11, 2, 4667.42
1556960117, 0, 16, 2081, 2072, 320, 7.18%, 12, 11, 2, 5039.55
1556960557, 0, 21, 2081, 2071, 319, 7.18%, 12, 11, 2, 3884.58
1556962634, 0, 21, 2081, 2071, 319, 7.18%, 13, 11, 2, 4231.42
1556963625, 0, 22, 2081, 2070, 318, 7.18%, 13, 11, 2, 227.66
1556964104, 0, 22, 2082, 2071, 318, 7.18%, 13, 12, 2, 15.98
1556982777, 0, 22, 2082, 2071, 318, 7.18%, 14, 12, 2, 109.08
1557015333, 0, 23, 2082, 2070, 318, 7.18%, 14, 12, 2, 5025.00
1557017417, 0, 23, 2082, 2070, 318, 7.18%, 15, 12, 2, 4405.33
1557018406, 0, 23, 2083, 2071, 318, 7.18%, 15, 12, 2, 3420.36
1557018411, 0, 32, 2083, 2070, 317, 7.18%, 15, 12, 2, 5253.14
1557020415, 0, 32, 2084, 2071, 317, 7.18%, 15, 12, 2, 4012.16
1557020420, 0, 36, 2084, 2070, 316, 7.18%, 15, 12, 2, 4392.20
1557020599, 0, 39, 2085, 2070, 315, 7.18%, 15, 12, 2, 5257.12
1557020605, 0, 40, 2085, 2069, 314, 7.18%, 15, 12, 2, 5677.99
1557020768, 0, 47, 2085, 2068, 313, 7.18%, 15, 12, 2, 4510.52
1557021075, 0, 53, 2085, 2067, 312, 7.18%, 15, 12, 2, 5096.11
1557022543, 0, 55, 2085, 2066, 312, 7.18%, 15, 12, 2, 4714.13
1557022972, 0, 57, 2085, 2065, 311, 7.18%, 15, 12, 2, 5707.54
1557023059, 0, 60, 2085, 2064, 310, 7.18%, 15, 12, 2, 3985.40
1557023350, 0, 66, 2085, 2063, 309, 7.18%, 15, 12, 2, 3878.91
1557023703, 0, 75, 2085, 2062, 308, 7.18%, 15, 12, 2, 1691.63
1557023724, 0, 75, 2086, 2063, 308, 7.18%, 15, 12, 2, 3236.32
1557024050, 0, 76, 2086, 2062, 308, 7.18%, 15, 12, 2, 5635.25
1557024081, 0, 77, 2086, 2061, 307, 7.18%, 15, 12, 2, 5629.21
1557024322, 0, 87, 2086, 2060, 306, 7.18%, 15, 12, 2, 695.65
1557025936, 0, 89, 2087, 2060, 305, 7.18%, 15, 12, 2, 4507.86
1557026099, 0, 95, 2087, 2059, 304, 7.18%, 15, 12, 2, 5128.65
1557026196, 0, 96, 2087, 2058, 303, 7.18%, 15, 12, 2, 5391.86
1557027901, 0, 103, 2087, 2057, 302, 7.18%, 15, 12, 2, 346.15
1557028141, 0, 106, 2087, 2056, 302, 7.18%, 15, 12, 2, 5588.74
1557028172, 0, 107, 2087, 2055, 301, 7.18%, 15, 12, 2, 4149.32
1557036371, 0, 107, 2087, 2055, 301, 7.18%, 16, 12, 2, 5165.89
1557036483, 0, 107, 2088, 2056, 301, 7.18%, 16, 12, 2, 5378.40
1557036493, 0, 107, 2089, 2057, 301, 7.18%, 16, 12, 2, 5458.68
1557036830, 0, 109, 2089, 2056, 300, 7.18%, 16, 12, 2, 3821.03
1557037378, 0, 109, 2089, 2056, 300, 7.18%, 17, 12, 2, 5368.67
1557037813, 0, 110, 2089, 2055, 299, 7.18%, 17, 12, 2, 300.97
1557037828, 0, 110, 2090, 2056, 299, 7.19%, 17, 12, 2, 5090.19
1557039381, 0, 110, 2090, 2056, 299, 7.19%, 18, 12, 2, 5225.75
1557039832, 0, 111, 2090, 2055, 299, 7.19%, 18, 12, 2, 4261.23
1557041851, 0, 112, 2090, 2054, 298, 7.19%, 18, 12, 2, 4155.20
1557041856, 0, 112, 2092, 2056, 298, 7.19%, 18, 12, 2, 4016.51
1557043824, 0, 112, 2093, 2057, 298, 7.19%, 18, 12, 2, 5220.60
1557043840, 0, 113, 2093, 2056, 299, 7.19%, 18, 12, 2, 4927.18
1557045824, 0, 114, 2099, 2061, 298, 7.19%, 18, 12, 2, 4199.95
1557045829, 0, 114, 2104, 2066, 298, 7.19%, 18, 12, 2, 93.32
1557045834, 0, 114, 2107, 2069, 298, 7.19%, 18, 12, 2, 459.16
1557045844, 0, 114, 2109, 2071, 298, 7.19%, 18, 12, 2, 622.69
1557045865, 0, 114, 2109, 2071, 298, 7.19%, 18, 13, 2, 4500.61
1557047517, 0, 114, 2110, 2072, 298, 7.19%, 18, 13, 2, 5378.96
1557047522, 0, 114, 2110, 2072, 298, 7.19%, 19, 13, 2, 5158.36
1557047921, 0, 114, 2110, 2072, 298, 7.19%, 20, 13, 2, 4044.77
1557048925, 0, 115, 2110, 2071, 298, 7.19%, 20, 13, 2, 4277.67
1557050910, 0, 117, 2110, 2070, 297, 7.19%, 20, 13, 2, 5437.74
1557051222, 0, 119, 2110, 2069, 296, 7.19%, 20, 13, 2, 4083.57
1557051963, 0, 128, 2110, 2068, 295, 7.19%, 20, 13, 2, 113.33
1557052054, 0, 133, 2110, 2067, 294, 7.19%, 20, 13, 2, 5265.62
1557052370, 0, 134, 2110, 2066, 293, 7.19%, 20, 13, 2, 5589.84
1557052549, 0, 135, 2110, 2065, 292, 7.19%, 20, 13, 2, 5166.83
1557053112, 0, 135, 2110, 2065, 292, 7.19%, 21, 13, 2, 5237.62
1557053352, 0, 138, 2110, 2064, 291, 7.19%, 21, 13, 2, 5042.57
1557053378, 0, 143, 2110, 2063, 290, 7.19%, 21, 13, 2, 40.07
1557055442, 0, 143, 2110, 2063, 290, 7.19%, 22, 13, 2, 4520.94
1557055447, 0, 143, 2110, 2063, 290, 7.19%, 23, 13, 2, 4083.07
1557055595, 0, 151, 2110, 2062, 289, 7.19%, 23, 13, 2, 5106.44
1557057171, 0, 151, 2110, 2062, 289, 7.19%, 24, 13, 2, 5187.37
1557057530, 0, 152, 2110, 2061, 288, 7.19%, 24, 13, 2, 4098.69
1557059400, 0, 154, 2110, 2060, 287, 7.19%, 24, 13, 2, 4264.94
1557059456, 0, 155, 2110, 2059, 286, 7.19%, 24, 13, 2, 1204.74
1557059467, 0, 155, 2110, 2059, 286, 7.19%, 25, 13, 2, 4092.52
1557061370, 0, 156, 2110, 2058, 285, 7.19%, 25, 13, 2, 4261.29
1557063261, 0, 159, 2110, 2057, 284, 7.19%, 25, 13, 2, 4560.18
1557064549, 0, 162, 2110, 2056, 284, 7.19%, 25, 13, 2, 5687.17
1557064631, 0, 163, 2110, 2055, 283, 7.19%, 25, 13, 2, 388.37
1557064784, 0, 173, 2122, 2066, 282, 7.19%, 25, 13, 2, 4374.65
1557066465, 0, 173, 2122, 2066, 282, 7.19%, 26, 13, 2, 5120.13
1557066874, 0, 173, 2122, 2066, 282, 7.19%, 27, 13, 2, 4087.31
1557066940, 0, 173, 2123, 2067, 282, 7.19%, 27, 13, 2, 3683.67
1557067325, 0, 176, 2123, 2066, 279, 7.19%, 27, 13, 2, 238.71
1557067352, 0, 176, 2124, 2067, 279, 7.19%, 27, 13, 2, 4207.42
1557067362, 0, 176, 2124, 2067, 279, 7.19%, 27, 14, 2, 11.45
1557069400, 0, 176, 2124, 2067, 279, 7.19%, 28, 14, 2, 4400.46
1557069512, 0, 195, 2124, 2066, 279, 7.19%, 28, 14, 2, 156.61
1557070250, 0, 199, 2124, 2065, 279, 7.19%, 28, 14, 2, 4573.07
1557088316, 0, 200, 2125, 2065, 279, 7.19%, 28, 14, 2, 4871.60
1557088500, 0, 202, 2125, 2064, 278, 7.19%, 28, 14, 2, 3867.33
1557090071, 0, 213, 2125, 2063, 277, 7.19%, 28, 14, 2, 4417.55
1557091061, 0, 218, 2125, 2062, 276, 7.19%, 28, 14, 2, 3030.00
1557091332, 0, 253, 2125, 2061, 275, 7.19%, 28, 14, 2, 4877.35
1557093152, 0, 258, 2125, 2060, 274, 7.19%, 28, 14, 2, 2947.23
1557093500, 0, 267, 2125, 2059, 273, 7.19%, 28, 14, 2, 4506.71
1557095638, 0, 270, 2133, 2066, 272, 7.19%, 28, 14, 2, 3376.74
1557095643, 0, 270, 2146, 2079, 272, 7.19%, 28, 14, 2, 4054.40
1557095653, 0, 270, 2148, 2081, 272, 7.19%, 28, 14, 2, 4739.77
1557095665, 0, 270, 2148, 2081, 272, 7.19%, 28, 15, 2, 222.52
1557097415, 0, 270, 2148, 2081, 272, 7.19%, 29, 15, 2, 5052.18
1557097420, 0, 270, 2148, 2081, 272, 7.19%, 30, 15, 2, 4645.43
1557097834, 0, 270, 2148, 2081, 272, 7.19%, 31, 15, 2, 4221.65
1557097922, 0, 270, 2149, 2082, 272, 7.19%, 31, 15, 2, 25.53
1557097927, 0, 270, 2151, 2084, 272, 7.19%, 31, 15, 2, 2312.64
1557097932, 0, 272, 2151, 2083, 272, 7.19%, 31, 15, 2, 2710.03
1557099632, 0, 272, 2151, 2083, 272, 7.19%, 32, 15, 2, 5050.22
1557100057, 0, 272, 2151, 2083, 272, 7.19%, 33, 15, 2, 3882.22
1557100149, 0, 273, 2152, 2083, 271, 7.19%, 33, 15, 2, 191.06
1557100159, 0, 273, 2153, 2084, 271, 7.19%, 33, 15, 2, 19.90
1557100195, 0, 273, 2154, 2085, 271, 7.19%, 33, 15, 2, 3730.90
1557101893, 0, 273, 2154, 2085, 271, 7.19%, 34, 15, 2, 5021.22
1557102338, 0, 273, 2154, 2085, 271, 7.19%, 35, 15, 2, 3615.32
1557102424, 0, 273, 2155, 2086, 271, 7.19%, 35, 15, 2, 3640.19
1557103064, 0, 277, 2155, 2085, 270, 7.19%, 35, 15, 2, 3416.70
1557103069, 0, 277, 2156, 2086, 270, 7.19%, 35, 15, 2, 5037.31
1557103116, 0, 277, 2157, 2087, 270, 7.19%, 35, 15, 2, 3876.05
1557105249, 0, 277, 2157, 2087, 270, 7.19%, 36, 15, 2, 2056.48
1557106659, 0, 297, 2162, 2091, 270, 7.19%, 36, 15, 2, 3296.77
1557106670, 0, 297, 2163, 2092, 270, 7.19%, 36, 15, 2, 3981.18
1557106711, 0, 297, 2164, 2093, 270, 7.19%, 36, 15, 2, 3754.58
1557106716, 0, 297, 2166, 2095, 270, 7.19%, 36, 15, 2, 3277.32
1557108633, 0, 297, 2166, 2095, 270, 7.19%, 37, 15, 2, 4506.35
1557109114, 0, 297, 2166, 2095, 270, 7.19%, 38, 15, 2, 3337.20
1557110330, 0, 333, 2169, 2097, 270, 7.19%, 38, 15, 2, 1826.33
1557110343, 0, 333, 2170, 2098, 270, 7.19%, 38, 15, 2, 229.07
1557114043, 0, 334, 2170, 2097, 269, 7.19%, 38, 15, 2, 4164.29
1557114088, 0, 336, 2170, 2096, 268, 7.19%, 38, 15, 2, 3186.19
1557116451, 0, 338, 2170, 2095, 267, 7.19%, 38, 15, 2, 4617.62
1557116664, 0, 342, 2171, 2095, 266, 7.19%, 38, 15, 2, 555.56
1557118599, 0, 342, 2171, 2095, 266, 7.19%, 39, 15, 2, 4438.36
1557118736, 0, 342, 2172, 2096, 266, 7.19%, 39, 15, 2, 4432.51
1557118802, 0, 342, 2172, 2096, 266, 7.19%, 40, 15, 2, 3461.28
1557120144, 0, 343, 2172, 2095, 267, 7.19%, 40, 15, 2, 3366.97
1557120155, 0, 343, 2173, 2096, 267, 7.19%, 40, 15, 2, 3920.75
1557122551, 0, 360, 2173, 2095, 266, 7.19%, 40, 15, 2, 4526.83
1557124386, 0, 361, 2173, 2094, 265, 7.19%, 40, 15, 2, 2030.52
1557126224, 0, 362, 2173, 2093, 264, 7.19%, 40, 15, 2, 3077.29
1557128063, 0, 363, 2173, 2092, 263, 7.19%, 40, 15, 2, 4314.50
1557129903, 0, 373, 2173, 2091, 262, 7.19%, 40, 15, 2, 3601.99
1557132320, 0, 373, 2173, 2091, 262, 7.19%, 41, 15, 2, 3899.15
1557132493, 0, 373, 2174, 2092, 262, 7.19%, 41, 15, 2, 4235.16
1557132498, 0, 391, 2182, 2099, 261, 7.20%, 41, 15, 2, 4280.00
1557132504, 0, 391, 2187, 2104, 261, 7.20%, 41, 15, 2, 44.92
1557132509, 0, 391, 2189, 2106, 261, 7.20%, 41, 15, 2, 192.59
1557132525, 0, 391, 2189, 2106, 261, 7.20%, 41, 16, 2, 3768.84
1557132531, 0, 391, 2189, 2106, 261, 7.20%, 41, 17, 2, 269.04
1557132536, 0, 391, 2189, 2106, 261, 7.20%, 41, 19, 2, 10.60
1557132541, 0, 391, 2190, 2107, 261, 7.20%, 41, 20, 2, 4374.21
1557134465, 0, 391, 2190, 2107, 261, 7.20%, 42, 20, 2, 3508.66
1557135037, 0, 391, 2190, 2107, 261, 7.20%, 43, 20, 2, 3221.88
1557136010, 0, 391, 2191, 2108, 261, 7.20%, 43, 20, 2, 295.25
1557136015, 0, 395, 2193, 2109, 263, 7.20%, 43, 20, 2, 3434.87
1557138400, 0, 395, 2199, 2115, 263, 7.20%, 43, 20, 2, 4067.76
1557138410, 0, 413, 2199, 2114, 262, 7.20%, 43, 20, 2, 3931.55
1557138618, 0, 422, 2199, 2113, 261, 7.20%, 43, 20, 2, 3975.61
1557139397, 0, 450, 2199, 2112, 260, 7.20%, 43, 20, 2, 31.13
1557139449, 0, 450, 2199, 2112, 260, 7.20%, 43, 22, 2, 3.90
1557139516, 0, 450, 2200, 2113, 260, 7.20%, 43, 22, 2, 28.10
1557202621, 0, 450, 2200, 2113, 260, 7.20%, 44, 22, 2, 4296.97
1557202642, 0, 450, 2200, 2113, 260, 7.20%, 45, 22, 2, 27.40
1557231662, 0, 450, 2201, 2114, 260, 7.20%, 45, 22, 2, 36.86
1557231682, 0, 455, 2201, 2113, 260, 7.20%, 45, 22, 2, 3296.61
1557234146, 0, 468, 2205, 2116, 259, 7.20%, 45, 22, 2, 358.52
1557234151, 0, 468, 2210, 2121, 259, 7.20%, 45, 22, 2, 41.02
1557236115, 0, 468, 2210, 2121, 259, 7.20%, 46, 22, 2, 4362.56
1557236703, 0, 468, 2211, 2122, 259, 7.20%, 46, 22, 2, 292.99
1557236708, 0, 471, 2212, 2122, 259, 7.20%, 46, 22, 2, 3049.64
1557238535, 0, 471, 2212, 2122, 259, 7.20%, 47, 22, 2, 4426.57
1557239164, 0, 474, 2215, 2124, 258, 7.20%, 47, 22, 2, 3149.76
1557239169, 0, 474, 2219, 2128, 258, 7.20%, 47, 22, 2, 2365.00
1557239185, 0, 474, 2220, 2129, 258, 7.20%, 47, 22, 2, 3331.27
1557239201, 0, 474, 2220, 2129, 258, 7.20%, 48, 22, 2, 3730.01
1557241632, 0, 474, 2220, 2129, 258, 7.20%, 49, 22, 2, 3454.77
1557241740, 0, 474, 2221, 2130, 258, 7.20%, 49, 22, 2, 19.05
1557241745, 0, 481, 2224, 2132, 258, 7.20%, 49, 22, 2, 3016.46
1557241750, 0, 481, 2228, 2136, 258, 7.20%, 49, 22, 2, 2434.49
1557241755, 0, 481, 2234, 2142, 258, 7.20%, 49, 22, 2, 1477.97
1557243762, 0, 481, 2234, 2142, 258, 7.20%, 50, 22, 2, 4240.27
1557244253, 0, 481, 2234, 2142, 258, 7.20%, 51, 22, 2, 3143.31
1557245511, 0, 487, 2234, 2141, 259, 7.20%, 51, 22, 2, 2862.63
1557245521, 0, 487, 2236, 2143, 259, 7.20%, 51, 22, 2, 3641.41
1557245536, 0, 487, 2238, 2145, 259, 7.20%, 51, 22, 2, 1390.00
1557245562, 0, 487, 2240, 2147, 259, 7.20%, 51, 22, 2, 4067.84
1557248001, 0, 487, 2240, 2147, 259, 7.20%, 52, 22, 2, 3516.57
1557249248, 0, 487, 2241, 2148, 259, 7.20%, 52, 22, 2, 2767.65
1557249253, 0, 511, 2241, 2147, 259, 7.20%, 52, 22, 2, 2948.85
1557250034, 0, 511, 2242, 2148, 259, 7.20%, 52, 22, 2, 4872.27
1557250247, 0, 525, 2242, 2147, 258, 7.20%, 52, 22, 2, 459.39
1557250269, 0, 525, 2243, 2148, 258, 7.20%, 52, 22, 2, 393.19
1557250289, 0, 525, 2244, 2149, 258, 7.20%, 52, 22, 2, 2104.48
1557258995, 0, 526, 2256, 2160, 258, 7.20%, 52, 22, 2, 4050.00
1557259000, 0, 526, 2261, 2165, 258, 7.20%, 52, 22, 2, 545.73
1557259023, 0, 526, 2262, 2166, 258, 7.20%, 52, 22, 2, 3680.76
1557259048, 0, 526, 2268, 2172, 258, 7.20%, 52, 22, 2, 4896.01
1557261127, 0, 526, 2268, 2172, 258, 7.20%, 53, 22, 2, 4356.94
1557261209, 0, 526, 2270, 2174, 258, 7.20%, 53, 22, 2, 4169.83
1557261214, 0, 526, 2271, 2175, 258, 7.20%, 53, 22, 2, 4010.13
1557261520, 0, 526, 2273, 2177, 258, 7.20%, 53, 22, 2, 1522.26
1557261525, 0, 550, 2283, 2186, 258, 7.20%, 53, 22, 2, 364.03
1557261531, 0, 550, 2284, 2187, 258, 7.20%, 53, 22, 2, 2950.46
1557263667, 0, 550, 2284, 2187, 258, 7.20%, 54, 22, 2, 4202.09
1557264017, 0, 551, 2295, 2197, 257, 7.20%, 54, 22, 2, 383.91
1557264022, 0, 551, 2297, 2199, 257, 7.20%, 54, 22, 2, 3037.01
1557266240, 0, 551, 2297, 2199, 257, 7.20%, 55, 22, 2, 3860.47
1557266511, 0, 565, 2297, 2198, 257, 7.20%, 55, 22, 2, 2348.84
1557266526, 0, 565, 2298, 2199, 257, 7.20%, 55, 22, 2, 4743.15
1557268670, 0, 565, 2299, 2200, 257, 7.20%, 55, 22, 2, 3824.23
1557268680, 0, 579, 2312, 2212, 257, 7.20%, 55, 22, 2, 782.08
1557268686, 0, 579, 2316, 2216, 257, 7.20%, 55, 22, 2, 789.75
1557270861, 0, 579, 2322, 2222, 257, 7.21%, 55, 22, 2, 4501.61
1557270866, 0, 579, 2324, 2224, 257, 7.21%, 55, 22, 2, 6.43
1557270871, 0, 582, 2325, 2224, 260, 7.21%, 55, 22, 2, 3860.58
1557270882, 0, 582, 2326, 2225, 260, 7.21%, 55, 22, 2, 33.79
1557272586, 0, 582, 2326, 2225, 260, 7.21%, 56, 22, 2, 4760.69
1557272591, 0, 582, 2326, 2225, 260, 7.21%, 57, 22, 2, 4095.17
1557273112, 0, 582, 2326, 2225, 260, 7.21%, 58, 22, 2, 4139.11
1557273205, 0, 614, 2327, 2225, 262, 7.21%, 58, 22, 2, 273.30
1557273210, 0, 614, 2330, 2228, 262, 7.21%, 58, 22, 2, 22.60
1557275202, 0, 614, 2330, 2228, 262, 7.21%, 59, 22, 2, 4402.17
1557275694, 0, 614, 2330, 2228, 262, 7.21%, 60, 22, 2, 3198.74
1557275802, 0, 629, 2331, 2228, 261, 7.21%, 60, 22, 2, 2788.18
1557275807, 0, 629, 2334, 2231, 261, 7.21%, 60, 22, 2, 111.30
1557275812, 0, 629, 2337, 2234, 261, 7.21%, 60, 22, 2, 3566.19
1557275822, 0, 629, 2339, 2236, 261, 7.21%, 60, 22, 2, 59.44
1557278996, 0, 648, 2356, 2252, 260, 7.21%, 60, 22, 2, 2658.98
1557279001, 0, 648, 2359, 2255, 260, 7.21%, 60, 23, 2, 2292.48
1557279006, 0, 648, 2360, 2256, 260, 7.21%, 60, 23, 2, 5.43
1557279050, 0, 648, 2362, 2258, 260, 7.21%, 60, 23, 2, 3918.16
1557281428, 0, 648, 2363, 2259, 260, 7.21%, 60, 23, 2, 4274.25
1557282111, 0, 648, 2364, 2260, 260, 7.21%, 60, 23, 2, 22.14
1557282117, 0, 656, 2366, 2261, 259, 7.21%, 60, 23, 2, 3190.33
1557282122, 0, 656, 2368, 2263, 259, 7.21%, 60, 23, 2, 4477.36
1557282144, 0, 656, 2369, 2264, 259, 7.21%, 60, 23, 2, 4320.00
1557282170, 0, 656, 2370, 2265, 259, 7.21%, 60, 23, 2, 3786.11
1557284032, 0, 656, 2370, 2265, 259, 7.21%, 61, 23, 2, 4542.68
1557284589, 0, 656, 2371, 2266, 259, 7.21%, 61, 23, 2, 4296.08
1557284599, 0, 656, 2371, 2266, 259, 7.21%, 62, 23, 2, 3567.61
1557285051, 0, 662, 2371, 2265, 259, 7.21%, 62, 23, 2, 3007.69
1557287061, 0, 662, 2371, 2265, 259, 7.21%, 63, 23, 2, 4284.86
1557287214, 0, 662, 2372, 2266, 259, 7.21%, 63, 23, 2, 4497.59
1557287558, 0, 662, 2372, 2266, 259, 7.21%, 64, 23, 2, 3246.42
1557289950, 0, 665, 2372, 2265, 259, 7.21%, 64, 23, 2, 2828.18
1557296355, 0, 665, 2372, 2265, 259, 7.21%, 65, 23, 2, 2989.53
1557296512, 0, 667, 2373, 2265, 258, 7.21%, 65, 23, 2, 2816.78
1557298973, 0, 667, 2373, 2265, 258, 7.21%, 66, 23, 2, 3596.64
1557299632, 0, 668, 2374, 2265, 257, 7.21%, 66, 23, 2, 3886.66
1557307429, 0, 676, 2374, 2264, 256, 7.21%, 66, 23, 2, 4073.09
1557309811, 0, 687, 2374, 2263, 255, 7.21%, 66, 23, 2, 3582.46
1557311618, 0, 687, 2374, 2263, 255, 7.21%, 67, 23, 2, 4372.58
1557312147, 0, 701, 2384, 2272, 254, 7.21%, 67, 23, 2, 3648.20
1557312152, 0, 701, 2389, 2277, 254, 7.21%, 67, 23, 2, 1884.07
1557312157, 0, 701, 2392, 2280, 254, 7.21%, 67, 23, 2, 115.47
1557312204, 0, 701, 2394, 2282, 254, 7.21%, 67, 23, 2, 3689.54
1557314072, 0, 701, 2394, 2282, 254, 7.21%, 68, 23, 2, 4436.42
1557314548, 0, 701, 2394, 2282, 254, 7.21%, 69, 23, 2, 3883.88
1557315162, 0, 715, 2394, 2281, 254, 7.21%, 69, 23, 2, 4240.03
1557315467, 0, 717, 2394, 2280, 253, 7.21%, 69, 23, 2, 4206.70
1557317839, 0, 720, 2394, 2279, 252, 7.21%, 69, 23, 2, 3758.53
1557317849, 0, 720, 2395, 2280, 252, 7.21%, 69, 23, 2, 3456.62
1557317865, 0, 720, 2396, 2281, 252, 7.21%, 69, 23, 2, 2850.42
1557320440, 0, 720, 2397, 2282, 252, 7.21%, 69, 23, 2, 2915.00
1557320445, 0, 724, 2400, 2284, 252, 7.21%, 69, 23, 2, 3322.26
1557320450, 0, 724, 2405, 2289, 252, 7.21%, 69, 23, 2, 55.31
1557320457, 0, 724, 2406, 2290, 252, 7.21%, 69, 23, 2, 167.36
1557322466, 0, 724, 2406, 2290, 252, 7.21%, 70, 23, 2, 4380.86
1557322968, 0, 724, 2406, 2290, 252, 7.21%, 71, 23, 2, 3471.92
1557323059, 0, 724, 2407, 2291, 252, 7.21%, 71, 23, 2, 3952.95
1557323080, 0, 724, 2408, 2292, 252, 7.21%, 71, 23, 2, 35.65
1557323085, 0, 729, 2408, 2291, 251, 7.21%, 71, 23, 2, 3028.99
1557323481, 0, 737, 2408, 2290, 250, 7.21%, 71, 23, 2, 4137.82
1557323791, 0, 738, 2408, 2289, 249, 7.21%, 71, 23, 2, 4158.08
1557324110, 0, 741, 2408, 2288, 248, 7.21%, 71, 23, 2, 4126.68
1557325996, 0, 741, 2408, 2288, 248, 7.21%, 72, 23, 2, 4176.90
1557326082, 0, 741, 2408, 2288, 248, 7.21%, 73, 23, 2, 4276.62
1557326645, 0, 741, 2408, 2288, 248, 7.21%, 74, 23, 2, 4243.31
1557329122, 0, 751, 2409, 2288, 248, 7.21%, 74, 23, 2, 715.97
1557329132, 0, 751, 2410, 2289, 248, 7.21%, 74, 23, 2, 3359.28
1557331148, 0, 751, 2410, 2289, 248, 7.21%, 75, 23, 2, 3997.14
1557331153, 0, 751, 2410, 2289, 248, 7.21%, 76, 23, 2, 3461.22
1557331914, 0, 751, 2411, 2290, 248, 7.21%, 76, 23, 2, 3330.18
1557331919, 0, 759, 2411, 2289, 248, 7.21%, 76, 23, 2, 4362.77
1557332228, 0, 770, 2411, 2288, 247, 7.21%, 76, 23, 2, 3981.06
1557332387, 0, 770, 2412, 2289, 247, 7.21%, 76, 23, 2, 753.46
1557333129, 0, 770, 2413, 2290, 247, 7.21%, 76, 23, 2, 3109.42
1557333134, 0, 770, 2414, 2291, 247, 7.21%, 76, 23, 2, 2534.90
1557408863, 0, 778, 2414, 2290, 247, 7.21%, 76, 23, 2, 2711.93
1557429946, 0, 786, 2414, 2289, 246, 7.21%, 76, 23, 2, 3455.94
1557454825, 0, 803, 2414, 2288, 245, 7.21%, 76, 23, 2, 2962.54
1557454830, 0, 803, 2415, 2289, 245, 7.21%, 76, 23, 2, 4534.63
1557457197, 0, 803, 2416, 2290, 245, 7.21%, 76, 23, 2, 3699.15
1557457490, 0, 808, 2416, 2289, 244, 7.21%, 76, 23, 2, 3331.22
1557479541, 0, 823, 2424, 2296, 243, 7.21%, 76, 23, 2, 148.26
1557479546, 0, 823, 2429, 2301, 243, 7.22%, 76, 23, 2, 156.82
1557479556, 0, 823, 2433, 2305, 243, 7.22%, 76, 23, 2, 6.34
1557479566, 0, 823, 2436, 2308, 243, 7.22%, 76, 23, 2, 3922.33
1557479634, 0, 823, 2440, 2312, 243, 7.24%, 76, 23, 2, 3614.13
1557481712, 0, 823, 2441, 2313, 243, 7.24%, 76, 23, 2, 4393.91
1557483091, 0, 823, 2443, 2315, 243, 7.24%, 76, 23, 2, 38.46
1557483096, 0, 828, 2443, 2314, 248, 7.24%, 76, 23, 2, 3067.72
1557483102, 0, 828, 2450, 2321, 248, 7.25%, 76, 23, 2, 317.25
1557483108, 0, 828, 2452, 2323, 248, 7.25%, 76, 23, 2, 4.23
1557483123, 0, 828, 2460, 2331, 248, 7.25%, 76, 23, 2, 3216.21
1557483167, 0, 828, 2464, 2335, 248, 7.25%, 76, 23, 2, 3817.01
1557485150, 0, 828, 2465, 2336, 248, 7.25%, 76, 23, 2, 4448.31
1557486413, 0, 841, 2476, 2346, 249, 7.25%, 76, 23, 2, 3645.95
1557486429, 0, 841, 2481, 2351, 249, 7.25%, 76, 23, 2, 2112.16
1557486434, 0, 841, 2484, 2354, 249, 7.25%, 76, 23, 2, 4.45
1557486460, 0, 841, 2485, 2355, 249, 7.25%, 76, 23, 2, 7.76
1557486480, 0, 841, 2487, 2357, 249, 7.25%, 76, 23, 2, 3553.54
1557488505, 0, 841, 2487, 2357, 249, 7.25%, 77, 23, 2, 4260.91
1557488910, 0, 841, 2488, 2358, 249, 7.25%, 77, 23, 2, 4369.69
1557489779, 0, 849, 2489, 2358, 250, 7.25%, 77, 23, 2, 2935.89
1557489785, 0, 849, 2493, 2362, 250, 7.26%, 77, 23, 2, 16.95
1557489790, 0, 849, 2496, 2365, 250, 7.26%, 77, 23, 2, 300.11
1557489813, 0, 849, 2499, 2368, 250, 7.26%, 77, 23, 2, 3175.41
1557489852, 0, 849, 2501, 2370, 250, 7.26%, 77, 23, 2, 16.42
1557489883, 0, 849, 2504, 2373, 250, 7.26%, 77, 23, 2, 2952.42
1557492022, 0, 849, 2504, 2373, 250, 7.26%, 78, 23, 2, 4232.64
1557493501, 0, 849, 2505, 2374, 250, 7.26%, 78, 23, 2, 7.75
1557493506, 0, 849, 2506, 2375, 250, 7.26%, 78, 23, 2, 1646.83
1557493511, 0, 855, 2511, 2379, 253, 7.26%, 78, 23, 2, 3780.00
1557493525, 0, 855, 2515, 2383, 253, 7.26%, 78, 23, 2, 66.77
1557493535, 0, 855, 2516, 2384, 253, 7.26%, 78, 23, 2, 654.72
1557493581, 0, 855, 2518, 2386, 253, 7.26%, 78, 23, 2, 3398.61
1557495947, 0, 855, 2519, 2387, 253, 7.26%, 78, 23, 2, 4377.83
1557496794, 0, 869, 2524, 2391, 252, 7.26%, 78, 23, 2, 3070.46
1557496799, 0, 869, 2526, 2393, 252, 7.26%, 78, 23, 2, 462.26
1557496804, 0, 869, 2532, 2399, 252, 7.26%, 78, 23, 2, 19.31
1557496812, 0, 869, 2535, 2402, 252, 7.27%, 78, 23, 2, 150.15
1557496832, 0, 869, 2537, 2404, 252, 7.27%, 78, 23, 2, 1486.54
1557496858, 0, 869, 2540, 2407, 252, 7.27%, 78, 23, 2, 3372.75
1557498857, 0, 869, 2540, 2407, 252, 7.27%, 79, 23, 2, 4375.52
1557498863, 0, 869, 2540, 2407, 252, 7.27%, 80, 23, 2, 3679.41
1557499233, 0, 869, 2543, 2410, 252, 7.27%, 80, 23, 2, 4097.38
1557500085, 0, 869, 2548, 2415, 252, 7.27%, 80, 23, 2, 4208.96
1557500090, 0, 878, 2548, 2414, 253, 7.27%, 80, 23, 2, 693.33
1557502042, 0, 878, 2548, 2414, 253, 7.27%, 81, 23, 2, 4393.32
1557502729, 0, 884, 2552, 2417, 252, 7.27%, 81, 23, 2, 3330.02
1557502735, 0, 884, 2554, 2419, 252, 7.27%, 81, 23, 2, 3855.52
1557505865, 0, 884, 2555, 2420, 252, 7.27%, 81, 23, 2, 204.47
1557505870, 0, 894, 2555, 2419, 252, 7.27%, 81, 23, 2, 88.72
1557505901, 0, 894, 2556, 2420, 252, 7.27%, 81, 24, 2, 121.50
1557505906, 0, 894, 2557, 2421, 252, 7.27%, 81, 24, 2, 66.88
1557506437, 0, 894, 2559, 2423, 252, 7.27%, 81, 24, 2, 9.16
1557506731, 0, 894, 2560, 2424, 252, 7.27%, 81, 24, 2, 41.67
1557544770, 0, 894, 2562, 2426, 252, 7.27%, 81, 24, 2, 34.89
1557544775, 0, 894, 2565, 2429, 252, 7.27%, 81, 24, 2, 230.53
1557580330, 0, 900, 2566, 2429, 252, 7.27%, 81, 24, 2, 3198.94
1557580340, 0, 900, 2568, 2431, 252, 7.27%, 81, 24, 2, 496.32
1557582181, 0, 900, 2568, 2431, 252, 7.27%, 82, 24, 2, 4361.45
1557582835, 0, 925, 2568, 2430, 253, 7.27%, 82, 24, 2, 3139.27
1557582840, 0, 925, 2573, 2435, 253, 7.27%, 82, 24, 2, 303.17
1557582846, 0, 925, 2577, 2439, 253, 7.27%, 82, 24, 2, 272.26
1557582866, 0, 925, 2578, 2440, 253, 7.27%, 82, 24, 2, 18.31
1557582871, 0, 925, 2579, 2441, 253, 7.27%, 82, 24, 2, 3510.94
1557582892, 0, 925, 2581, 2443, 253, 7.27%, 82, 24, 2, 3582.71
1557585224, 0, 925, 2582, 2444, 253, 7.27%, 82, 24, 2, 4370.01
1557585961, 0, 932, 2582, 2443, 252, 7.27%, 82, 24, 2, 121.53
1557585966, 0, 932, 2585, 2446, 252, 7.27%, 82, 24, 2, 1362.73
1557585971, 0, 932, 2586, 2447, 252, 7.27%, 82, 24, 2, 1324.99
1557587348, 0, 932, 2587, 2448, 252, 7.27%, 82, 24, 2, 1408.92
1557592239, 0, 932, 2587, 2448, 252, 7.27%, 83, 24, 2, 1685.87
1557593752, 0, 932, 2587, 2448, 252, 7.27%, 84, 24, 2, 1575.72
1557595996, 0, 932, 2587, 2448, 252, 7.27%, 85, 24, 2, 1342.83
1557598258, 0, 932, 2587, 2448, 252, 7.27%, 86, 24, 2, 1686.02
1557609330, 0, 932, 2587, 2448, 252, 7.27%, 87, 24, 2, 1132.09
1557666856, 0, 938, 2593, 2453, 251, 7.27%, 87, 24, 2, 2179.80
1557666861, 0, 938, 2594, 2454, 251, 7.27%, 87, 24, 2, 4539.95
1557666866, 0, 938, 2598, 2458, 251, 7.27%, 87, 24, 2, 466.12
1557666884, 0, 938, 2599, 2459, 251, 7.27%, 87, 24, 2, 4215.16
1557667493, 0, 938, 2599, 2459, 251, 7.27%, 88, 24, 2, 4526.85
1557667609, 0, 938, 2601, 2461, 251, 7.27%, 88, 24, 2, 4399.17
1557667614, 0, 938, 2602, 2462, 251, 7.27%, 88, 24, 2, 4109.19
1557667619, 0, 938, 2603, 2463, 251, 7.27%, 88, 24, 2, 4197.10
1557667903, 0, 938, 2605, 2465, 251, 7.27%, 88, 24, 2, 3795.96
1557667908, 0, 940, 2606, 2465, 252, 7.27%, 88, 24, 2, 2930.88
1557667913, 0, 940, 2607, 2466, 252, 7.27%, 88, 24, 2, 766.15
1557667919, 0, 940, 2609, 2468, 252, 7.27%, 88, 24, 2, 4064.57
1557667928, 0, 940, 2611, 2470, 252, 7.27%, 88, 24, 2, 95.76
1557668922, 0, 940, 2611, 2470, 252, 7.27%, 89, 24, 2, 4126.23
1557669003, 0, 940, 2612, 2471, 252, 7.27%, 89, 24, 2, 4036.74
1557669100, 0, 940, 2614, 2473, 252, 7.28%, 89, 24, 2, 3174.67
1557669105, 0, 965, 2617, 2475, 255, 7.28%, 89, 24, 2, 3424.73
1557669110, 0, 965, 2618, 2476, 255, 7.28%, 89, 24, 2, 269.91
1557669805, 0, 965, 2619, 2477, 255, 7.28%, 89, 24, 2, 4784.66
1557669861, 0, 965, 2619, 2477, 255, 7.28%, 90, 24, 2, 4415.67
1557670008, 0, 965, 2620, 2478, 255, 7.28%, 90, 24, 2, 4554.73
1557670105, 0, 973, 2625, 2482, 255, 7.28%, 90, 24, 2, 3044.16
1557670110, 0, 973, 2628, 2485, 255, 7.29%, 90, 24, 2, 4717.34
1557670670, 0, 973, 2628, 2485, 255, 7.29%, 91, 24, 2, 4615.52
1557671116, 0, 973, 2628, 2485, 255, 7.29%, 92, 24, 2, 4224.20
1557671173, 0, 973, 2629, 2486, 255, 7.29%, 92, 24, 2, 4432.47
1557671178, 0, 973, 2632, 2489, 255, 7.29%, 92, 24, 2, 4362.28
1557671183, 0, 973, 2634, 2491, 255, 7.29%, 92, 24, 2, 4300.90
1557671276, 0, 988, 2638, 2494, 258, 7.29%, 92, 24, 2, 593.89
1557671281, 0, 988, 2642, 2498, 258, 7.29%, 92, 24, 2, 4624.37
1557671292, 0, 988, 2642, 2498, 258, 7.29%, 92, 25, 2, 153.94
1557671303, 0, 988, 2643, 2499, 258, 7.29%, 92, 25, 2, 4260.25
1557672297, 0, 988, 2643, 2499, 258, 7.29%, 93, 25, 2, 4060.30
1557672358, 0, 988, 2645, 2501, 258, 7.29%, 93, 25, 2, 4418.05
1557672469, 0, 993, 2645, 2500, 255, 7.29%, 93, 25, 2, 4044.34
1557672474, 0, 993, 2646, 2501, 255, 7.29%, 93, 25, 2, 735.24
1557673468, 0, 993, 2646, 2501, 255, 7.29%, 94, 25, 2, 4217.43
1557673642, 0, 994, 2646, 2500, 254, 7.29%, 94, 25, 2, 3487.92
1557673659, 0, 994, 2646, 2500, 254, 7.29%, 94, 26, 2, 121.57
1557673669, 0, 994, 2647, 2501, 254, 7.29%, 94, 26, 2, 4232.89
1557674638, 0, 994, 2647, 2501, 254, 7.29%, 95, 26, 2, 4488.17
1557674780, 0, 994, 2648, 2502, 254, 7.29%, 95, 26, 2, 3481.33
1557674785, 0, 995, 2655, 2508, 253, 7.29%, 95, 26, 2, 4282.89
1557674795, 0, 995, 2656, 2509, 253, 7.29%, 95, 26, 2, 224.32
1557675657, 0, 995, 2657, 2510, 253, 7.29%, 95, 26, 2, 4082.14
1557675723, 0, 995, 2659, 2512, 253, 7.29%, 95, 26, 2, 4072.62
1557676012, 0, 995, 2661, 2514, 253, 7.29%, 95, 26, 2, 2146.59
1557676017, 0, 997, 2661, 2513, 254, 7.29%, 95, 27, 2, 4.73
1557676022, 0, 997, 2670, 2522, 254, 7.29%, 95, 27, 2, 8.96
1557676028, 0, 997, 2671, 2523, 254, 7.29%, 95, 27, 2, 1425.56
1557676048, 0, 997, 2672, 2524, 254, 7.29%, 95, 27, 2, 463.81
1557676069, 0, 997, 2673, 2525, 254, 7.29%, 95, 27, 2, 63.27
1557676079, 0, 997, 2674, 2526, 254, 7.29%, 95, 27, 2, 38.50
1557676130, 0, 997, 2675, 2527, 254, 7.29%, 95, 27, 2, 34.53
1557680537, 0, 997, 2675, 2527, 254, 7.29%, 96, 27, 2, 544.51
1557680826, 0, 997, 2676, 2528, 254, 7.29%, 96, 27, 2, 3359.28
1557680836, 0, 997, 2677, 2529, 254, 7.29%, 96, 27, 2, 2664.64
1557681024, 0, 997, 2678, 2530, 254, 7.29%, 96, 27, 2, 334.29
1557681598, 0, 997, 2679, 2531, 254, 7.29%, 96, 27, 2, 326.91
1557682010, 0, 1005, 2679, 2530, 254, 7.29%, 96, 27, 2, 4055.38
1557683869, 0, 1008, 2679, 2529, 253, 7.29%, 96, 27, 2, 3121.75
1557684896, 0, 1008, 2679, 2529, 253, 7.29%, 97, 27, 2, 4201.85
1557684957, 0, 1008, 2680, 2530, 253, 7.29%, 97, 27, 2, 4286.09
1557684962, 0, 1008, 2682, 2532, 253, 7.29%, 97, 27, 2, 4244.34
1557685074, 0, 1015, 2683, 2532, 252, 7.29%, 97, 27, 2, 3660.23
1557685079, 0, 1015, 2684, 2533, 252, 7.29%, 97, 27, 2, 3608.00
1557685084, 0, 1015, 2685, 2534, 252, 7.29%, 97, 27, 2, 3822.39
1557685115, 0, 1015, 2686, 2535, 252, 7.29%, 98, 27, 2, 4546.53
1557686231, 0, 1015, 2689, 2538, 252, 7.29%, 98, 27, 2, 3956.66
1557686393, 0, 1015, 2689, 2538, 252, 7.29%, 99, 27, 2, 4339.76
1557686575, 0, 1015, 2690, 2539, 252, 7.29%, 99, 27, 2, 4346.59
1557687528, 0, 1022, 2692, 2540, 250, 7.29%, 99, 27, 2, 675.87
1557687540, 0, 1022, 2693, 2541, 250, 7.29%, 99, 27, 2, 39.31
1557687545, 0, 1022, 2694, 2542, 250, 7.29%, 99, 27, 2, 208.57
1557688220, 0, 1022, 2694, 2542, 250, 7.29%, 100, 27, 2, 3963.98
1557688747, 0, 1023, 2700, 2547, 248, 7.29%, 100, 27, 2, 562.28
1557688752, 0, 1023, 2701, 2548, 248, 7.29%, 100, 27, 2, 2494.73
1557688757, 0, 1023, 2702, 2549, 248, 7.29%, 100, 27, 2, 22.14
1557689957, 0, 1024, 2712, 2558, 246, 7.29%, 100, 27, 2, 3878.44
1557689962, 0, 1024, 2714, 2560, 246, 7.29%, 100, 27, 2, 4133.11
1557691169, 0, 1025, 2722, 2567, 246, 7.29%, 100, 27, 2, 634.59
1557691174, 0, 1025, 2726, 2571, 246, 7.29%, 100, 27, 2, 4569.25
1557691213, 0, 1025, 2726, 2571, 246, 7.29%, 101, 27, 2, 3411.04
1557692365, 0, 1027, 2734, 2578, 246, 7.29%, 101, 27, 2, 2679.88
1557692370, 0, 1027, 2736, 2580, 246, 7.29%, 101, 27, 2, 3437.45
1557693567, 0, 1032, 2738, 2581, 248, 7.29%, 101, 27, 2, 3220.20
1557693573, 0, 1032, 2739, 2582, 248, 7.29%, 101, 27, 2, 565.34
1557694743, 0, 1034, 2744, 2586, 247, 7.29%, 101, 27, 2, 2275.00
1557694757, 0, 1034, 2746, 2588, 247, 7.29%, 101, 27, 2, 159.48
1557695882, 0, 1036, 2753, 2594, 247, 7.29%, 101, 27, 2, 2256.31
1557695887, 0, 1036, 2754, 2595, 247, 7.29%, 101, 27, 2, 2256.30
1557695892, 0, 1036, 2755, 2596, 247, 7.29%, 101, 27, 2, 2388.93
1557695897, 0, 1036, 2756, 2597, 247, 7.29%, 101, 27, 2, 1127.32
1557695913, 0, 1036, 2759, 2600, 247, 7.29%, 101, 27, 2, 2719.70
1557695918, 0, 1036, 2761, 2602, 247, 7.29%, 101, 27, 2, 1922.78
1557695923, 0, 1036, 2763, 2604, 247, 7.29%, 101, 27, 2, 1810.90
1557695933, 0, 1036, 2764, 2605, 247, 7.29%, 101, 27, 2, 1832.12
1557695969, 0, 1036, 2765, 2606, 247, 7.29%, 101, 27, 2, 4197.36
1557695984, 0, 1036, 2766, 2607, 247, 7.29%, 101, 27, 2, 2415.41
1557696020, 0, 1036, 2767, 2608, 247, 7.29%, 101, 27, 2, 1713.05
1557696035, 0, 1036, 2770, 2611, 247, 7.29%, 101, 27, 2, 3241.63
1557696046, 0, 1036, 2771, 2612, 247, 7.29%, 101, 27, 2, 1906.58
1557696061, 0, 1036, 2772, 2613, 247, 7.29%, 101, 27, 2, 2138.38
1557696106, 0, 1036, 2773, 2614, 247, 7.29%, 101, 27, 2, 1788.89
1557697412, 0, 1036, 2774, 2615, 247, 7.29%, 101, 27, 2, 4708.78
1557697468, 0, 1036, 2779, 2620, 247, 7.29%, 101, 27, 2, 3285.28
1557697473, 0, 1036, 2780, 2621, 247, 7.29%, 102, 27, 2, 2096.47
1557697478, 0, 1036, 2783, 2624, 247, 7.29%, 102, 27, 2, 1821.51
1557697488, 0, 1036, 2785, 2626, 247, 7.29%, 102, 27, 2, 1748.91
1557697493, 0, 1036, 2786, 2627, 247, 7.29%, 102, 27, 2, 1649.72
1557697519, 0, 1036, 2787, 2628, 247, 7.29%, 102, 27, 2, 1703.77
1557697864, 0, 1036, 2787, 2628, 247, 7.29%, 103, 27, 2, 1996.21
1557697971, 0, 1036, 2793, 2634, 247, 7.29%, 103, 27, 2, 4291.52
1557697976, 0, 1036, 2799, 2640, 247, 7.29%, 103, 27, 2, 4174.15
1557698204, 0, 1036, 2800, 2641, 247, 7.29%, 103, 27, 2, 1631.87
1557699630, 0, 1036, 2800, 2641, 247, 7.29%, 104, 27, 2, 1948.32
1557699751, 0, 1036, 2801, 2642, 247, 7.29%, 104, 27, 2, 3274.53
1557701550, 0, 1036, 2801, 2642, 247, 7.29%, 105, 27, 2, 1896.66
1557703173, 0, 1036, 2801, 2642, 247, 7.29%, 106, 27, 2, 1827.26
1557703305, 0, 1036, 2802, 2643, 247, 7.29%, 106, 27, 2, 2593.99
1557703315, 0, 1036, 2803, 2644, 247, 7.29%, 106, 27, 2, 2324.12
1557703822, 0, 1036, 2804, 2645, 247, 7.29%, 106, 27, 2, 1672.57
1557705099, 0, 1042, 2806, 2646, 252, 7.29%, 106, 27, 2, 2343.51
1557705104, 0, 1042, 2808, 2648, 252, 7.29%, 106, 27, 2, 2553.99
1557705140, 0, 1042, 2809, 2649, 252, 7.29%, 106, 27, 2, 3805.43
1557705171, 0, 1042, 2810, 2650, 252, 7.29%, 106, 27, 2, 4006.04
1557705890, 0, 1042, 2810, 2650, 252, 7.29%, 107, 27, 2, 3918.33
1557706087, 0, 1042, 2813, 2653, 252, 7.29%, 107, 27, 2, 4069.62
1557706093, 0, 1042, 2820, 2660, 252, 7.29%, 107, 27, 2, 3337.33
1557706098, 0, 1042, 2822, 2662, 252, 7.29%, 107, 27, 2, 3132.75
1557706371, 0, 1042, 2822, 2662, 252, 7.29%, 108, 27, 2, 3659.95
1557707501, 0, 1042, 2822, 2662, 252, 7.29%, 109, 27, 2, 2917.21
1557708463, 0, 1042, 2822, 2662, 252, 7.29%, 110, 27, 2, 3149.87
1557708701, 0, 1064, 2822, 2661, 254, 7.29%, 110, 27, 2, 3066.98
1557709987, 0, 1089, 2822, 2660, 253, 7.29%, 110, 27, 2, 708.05
1557711128, 0, 1089, 2822, 2660, 253, 7.29%, 111, 27, 2, 3774.69
1557711478, 0, 1089, 2822, 2660, 253, 7.29%, 112, 27, 2, 3489.54
1557712828, 0, 1100, 2822, 2659, 252, 7.29%, 112, 27, 2, 261.69
1557712839, 0, 1100, 2822, 2659, 252, 7.29%, 112, 28, 2, 110.46
1557712844, 0, 1100, 2836, 2673, 252, 7.29%, 112, 28, 2, 144.51
1557712854, 0, 1100, 2839, 2676, 252, 7.29%, 112, 28, 2, 121.80
1557712864, 0, 1100, 2843, 2680, 252, 7.29%, 112, 28, 2, 138.30
1557712885, 0, 1100, 2844, 2681, 252, 7.29%, 112, 28, 2, 233.40
1557712946, 0, 1100, 2845, 2682, 252, 7.29%, 112, 28, 2, 161.54
1557713155, 0, 1100, 2846, 2683, 252, 7.29%, 112, 28, 2, 291.01
1557713200, 0, 1100, 2847, 2684, 252, 7.29%, 112, 28, 2, 151.89
1557713246, 0, 1100, 2848, 2685, 252, 7.29%, 112, 28, 2, 88.00
1557731190, 0, 1100, 2848, 2685, 252, 7.29%, 113, 28, 2, 112.29
1557748110, 0, 1100, 2848, 2685, 252, 7.29%, 114, 28, 2, 110.26
1557755230, 0, 1113, 2848, 2684, 252, 7.29%, 114, 28, 2, 321.38
1557755261, 0, 1113, 2849, 2685, 252, 7.30%, 114, 28, 2, 3879.55
1557756348, 0, 1113, 2849, 2685, 252, 7.30%, 115, 28, 2, 4094.93
1557756983, 0, 1116, 2849, 2684, 251, 7.30%, 115, 28, 2, 200.27
1557756988, 0, 1116, 2849, 2684, 251, 7.30%, 115, 29, 2, 895.24
1557766722, 0, 1116, 2849, 2684, 251, 7.30%, 116, 29, 2, 2373.19
1557777579, 0, 1126, 2849, 2683, 250, 7.30%, 116, 29, 2, 111.66
1557777584, 0, 1126, 2850, 2684, 250, 7.30%, 116, 29, 2, 30.00
1557777589, 0, 1126, 2851, 2685, 250, 7.30%, 116, 29, 2, 4380.16
1557777617, 0, 1126, 2851, 2685, 250, 7.30%, 117, 29, 2, 3682.80
1557778372, 0, 1126, 2852, 2686, 250, 7.30%, 117, 29, 2, 4013.14
1557778707, 0, 1126, 2853, 2687, 250, 7.30%, 117, 29, 2, 3798.10
1557779204, 0, 1147, 2853, 2686, 250, 7.30%, 117, 29, 2, 3281.05
1557780097, 0, 1147, 2853, 2686, 250, 7.30%, 118, 29, 2, 4338.53
1557780341, 0, 1157, 2854, 2686, 249, 7.30%, 118, 29, 2, 4475.97
1557781574, 0, 1183, 2854, 2685, 248, 7.30%, 118, 29, 2, 4192.97
1557782208, 0, 1183, 2854, 2685, 248, 7.30%, 119, 29, 2, 4139.16
1557782654, 0, 1183, 2854, 2685, 248, 7.30%, 120, 29, 2, 4119.65
1557782813, 0, 1187, 2854, 2684, 247, 7.30%, 120, 29, 2, 276.90
1557783606, 0, 1187, 2854, 2684, 247, 7.30%, 121, 29, 2, 4485.56
1557784104, 0, 1190, 2855, 2684, 246, 7.30%, 121, 29, 2, 3765.26
1557784622, 0, 1190, 2855, 2684, 246, 7.30%, 122, 29, 2, 4897.42
1557784684, 0, 1191, 2855, 2683, 246, 7.30%, 122, 29, 2, 301.23
1557784690, 0, 1191, 2856, 2684, 246, 7.30%, 122, 29, 2, 194.54
1557785820, 0, 1191, 2856, 2684, 246, 7.30%, 123, 29, 2, 2613.57
1557787289, 0, 1204, 2856, 2683, 245, 7.30%, 123, 29, 2, 132.30
1557788345, 0, 1246, 2857, 2683, 244, 7.30%, 123, 29, 2, 3434.39
1557788360, 0, 1246, 2858, 2684, 244, 7.30%, 123, 29, 2, 2580.56
1557788450, 0, 1246, 2858, 2684, 244, 7.30%, 124, 29, 2, 2751.36
1557789220, 0, 1246, 2859, 2685, 244, 7.30%, 124, 29, 2, 4366.70
1557791456, 0, 1246, 2859, 2685, 244, 7.30%, 125, 29, 2, 2792.42
1557794042, 0, 1246, 2859, 2685, 244, 7.30%, 126, 29, 2, 2556.11
1557794075, 0, 1280, 2859, 2684, 244, 7.30%, 126, 29, 2, 2882.49
1557794080, 0, 1280, 2860, 2685, 244, 7.30%, 126, 29, 2, 3618.91
1557795052, 0, 1280, 2860, 2685, 244, 7.30%, 127, 29, 2, 3309.45
1557798328, 0, 1285, 2872, 2696, 243, 7.30%, 127, 29, 2, 52.85
1557798333, 0, 1285, 2873, 2697, 243, 7.31%, 127, 29, 2, 9.34
1557798338, 0, 1285, 2875, 2699, 243, 7.31%, 127, 29, 2, 35.30
1557798343, 0, 1285, 2880, 2704, 243, 7.31%, 127, 29, 2, 2144.17
1557798363, 0, 1285, 2886, 2710, 243, 7.31%, 127, 29, 2, 21.11
1557798379, 0, 1285, 2886, 2710, 243, 7.31%, 127, 30, 2, 7.29
1557798384, 0, 1285, 2887, 2711, 243, 7.31%, 127, 31, 2, 8.20
1557798389, 0, 1285, 2887, 2711, 243, 7.31%, 127, 32, 2, 3043.13
1557798394, 0, 1285, 2888, 2712, 243, 7.31%, 127, 32, 2, 2539.65
1557799588, 0, 1285, 2888, 2712, 243, 7.31%, 128, 32, 2, 4534.85
1557800131, 0, 1285, 2890, 2714, 243, 7.31%, 128, 32, 2, 2770.48
1557800421, 0, 1285, 2890, 2714, 243, 7.31%, 129, 32, 2, 1399.04
1557800631, 0, 1285, 2891, 2715, 243, 7.31%, 129, 32, 2, 81.57
1557800636, 0, 1286, 2897, 2720, 247, 7.31%, 129, 32, 2, 1561.10
1557801488, 0, 1311, 2897, 2719, 246, 7.31%, 129, 32, 2, 3452.03
1557801493, 0, 1311, 2898, 2720, 246, 7.31%, 129, 32, 2, 2511.96
1557801498, 0, 1311, 2899, 2721, 246, 7.31%, 129, 32, 2, 2259.64
1557802037, 0, 1311, 2899, 2721, 246, 7.31%, 130, 32, 2, 2318.73
1557831274, 0, 1311, 2899, 2721, 246, 7.31%, 131, 32, 2, 2366.53
1557832553, 0, 1323, 2899, 2720, 245, 7.31%, 131, 32, 2, 3602.49
1557834448, 0, 1323, 2899, 2720, 245, 7.31%, 132, 32, 2, 4577.51
1557834742, 0, 1328, 2899, 2719, 244, 7.31%, 132, 32, 2, 3861.64
1557834748, 0, 1328, 2900, 2720, 244, 7.31%, 132, 32, 2, 317.68
1557834775, 0, 1328, 2901, 2721, 244, 7.31%, 132, 32, 2, 4254.61
1557837069, 0, 1329, 2901, 2720, 243, 7.31%, 132, 32, 2, 1967.38
1557837074, 0, 1329, 2902, 2721, 243, 7.31%, 132, 32, 2, 2518.19
1557837090, 0, 1329, 2904, 2723, 243, 7.31%, 132, 32, 2, 2738.92
1557837105, 0, 1329, 2905, 2724, 243, 7.31%, 132, 32, 2, 2745.63
1557917061, 0, 1334, 2905, 2723, 243, 7.31%, 132, 32, 2, 2586.61
1557917066, 0, 1334, 2916, 2734, 243, 7.31%, 132, 32, 2, 3582.27
1557917076, 0, 1334, 2920, 2738, 243, 7.31%, 132, 32, 2, 2210.00
1557917082, 0, 1334, 2921, 2739, 243, 7.31%, 132, 32, 2, 179.41
1557917118, 0, 1334, 2923, 2741, 243, 7.31%, 132, 32, 2, 3648.88
1557919406, 0, 1334, 2925, 2743, 243, 7.31%, 132, 32, 2, 4312.07
1557920120, 0, 1349, 2929, 2746, 245, 7.31%, 132, 32, 2, 475.25
1557920131, 0, 1349, 2933, 2750, 245, 7.31%, 132, 32, 2, 71.13
1557920137, 0, 1349, 2934, 2751, 245, 7.31%, 132, 32, 2, 2944.95
1557923301, 0, 1351, 2937, 2753, 245, 7.32%, 132, 32, 2, 3135.78
1557923309, 0, 1351, 2938, 2754, 245, 7.32%, 132, 32, 2, 121.71
1557923322, 0, 1351, 2939, 2755, 245, 7.32%, 132, 32, 2, 122.04
1557923375, 0, 1351, 2941, 2757, 245, 7.32%, 132, 32, 2, 3433.85
1557925699, 0, 1351, 2943, 2759, 245, 7.32%, 132, 32, 2, 4250.85
1557926474, 0, 1352, 2953, 2768, 246, 7.32%, 132, 32, 2, 2955.89
1557926483, 0, 1352, 2955, 2770, 246, 7.32%, 132, 32, 2, 105.56
1557926488, 0, 1352, 2962, 2777, 246, 7.32%, 132, 32, 2, 4073.80
1557926529, 0, 1352, 2963, 2778, 246, 7.32%, 132, 32, 2, 3871.72
1557928865, 0, 1352, 2965, 2780, 246, 7.32%, 132, 32, 2, 4530.50
1557929660, 0, 1356, 2966, 2780, 246, 7.32%, 132, 32, 2, 3596.34
1557949499, 0, 1363, 2966, 2779, 245, 7.32%, 132, 32, 2, 2638.39
1557949677, 0, 1379, 2966, 2778, 244, 7.32%, 132, 32, 2, 3570.98
1557950488, 0, 1382, 2966, 2777, 243, 7.32%, 132, 32, 2, 1091.07
1557951827, 0, 1383, 2966, 2776, 242, 7.32%, 132, 32, 2, 2212.58
1557952584, 0, 1400, 2966, 2775, 241, 7.32%, 132, 32, 2, 75.70
1557952600, 0, 1400, 2966, 2775, 241, 7.32%, 132, 33, 2, 53.39
1557952784, 0, 1400, 2967, 2776, 241, 7.32%, 132, 33, 2, 64.80
1557953566, 0, 1400, 2967, 2776, 241, 7.32%, 132, 34, 2, 138.06
1557987099, 0, 1400, 2967, 2776, 241, 7.32%, 133, 34, 2, 61.51
1558034281, 0, 1400, 2967, 2776, 241, 7.32%, 134, 34, 2, 60.95
1558049816, 0, 1413, 2967, 2775, 241, 7.32%, 134, 34, 2, 2813.39
1558051965, 0, 1413, 2967, 2775, 241, 7.32%, 135, 34, 2, 3590.32
1558052254, 0, 1416, 2968, 2775, 240, 7.32%, 135, 34, 2, 184.37
1558054743, 0, 1420, 2969, 2775, 240, 7.32%, 135, 34, 2, 114.91
1558054748, 0, 1420, 2977, 2783, 240, 7.32%, 135, 34, 2, 3348.24
1558054759, 0, 1420, 2979, 2785, 240, 7.32%, 135, 34, 2, 2852.75
1558054812, 0, 1420, 2980, 2786, 240, 7.32%, 135, 34, 2, 3320.72
1558057869, 0, 1421, 2983, 2788, 239, 7.32%, 135, 34, 2, 4265.00
1558057875, 0, 1421, 2984, 2789, 239, 7.32%, 135, 34, 2, 235.08
1558057880, 0, 1421, 2985, 2790, 239, 7.32%, 135, 34, 2, 4042.12
1558060940, 0, 1423, 2986, 2790, 237, 7.32%, 135, 34, 2, 3606.23
1558062774, 0, 1423, 2986, 2790, 237, 7.32%, 136, 34, 2, 4331.48
1558063261, 0, 1429, 2988, 2791, 238, 7.32%, 136, 34, 2, 3237.43
1558063297, 0, 1429, 2989, 2792, 238, 7.32%, 136, 34, 2, 3119.14
1558064347, 0, 1429, 2989, 2792, 238, 7.32%, 137, 34, 2, 3866.75
1558065625, 0, 1432, 2997, 2799, 237, 7.32%, 137, 34, 2, 38.09
1558065631, 0, 1432, 2998, 2800, 237, 7.32%, 137, 34, 2, 207.33
1558065636, 0, 1432, 3000, 2802, 237, 7.32%, 137, 34, 2, 5.70
1558065647, 0, 1432, 3002, 2804, 237, 7.32%, 137, 34, 2, 112.39
1558065668, 0, 1432, 3004, 2806, 237, 7.32%, 137, 34, 2, 2235.20
1558065673, 0, 1432, 3007, 2809, 237, 7.32%, 137, 34, 2, 5.69
1558066630, 0, 1432, 3007, 2809, 237, 7.32%, 138, 34, 2, 4229.44
1558066706, 0, 1432, 3008, 2810, 237, 7.32%, 138, 34, 2, 2995.78
1558066722, 0, 1432, 3012, 2814, 237, 7.32%, 138, 34, 2, 3902.74
1558066727, 0, 1438, 3016, 2817, 243, 7.32%, 138, 34, 2, 2471.07
1558066753, 0, 1438, 3017, 2818, 243, 7.32%, 138, 34, 2, 3698.32
1558066768, 0, 1438, 3021, 2822, 243, 7.32%, 138, 34, 2, 4005.74
1558069818, 0, 1448, 3021, 2821, 242, 7.32%, 138, 34, 2, 2787.13
1558069828, 0, 1448, 3022, 2822, 242, 7.32%, 138, 34, 2, 6.79
1558069833, 0, 1448, 3023, 2823, 242, 7.32%, 138, 34, 2, 2877.06
1558070624, 0, 1449, 3023, 2822, 240, 7.32%, 138, 34, 2, 3906.09
1558071448, 0, 1457, 3023, 2821, 239, 7.32%, 138, 34, 2, 11.90
1558071576, 0, 1457, 3025, 2823, 239, 7.32%, 138, 34, 2, 11.71
1558071581, 0, 1457, 3025, 2823, 239, 7.32%, 138, 35, 2, 3.83
1558075244, 0, 1457, 3025, 2823, 239, 7.32%, 139, 35, 2, 8.53
1558075487, 0, 1457, 3026, 2824, 239, 7.32%, 139, 35, 2, 13.70
